50
33124 72157
1034475 1961532
424202 780533
240 925
1038424 1978195
1064540 1979358
1164267 1377476
1046906 1959285
202 353
458146 701739
15 53
11869 61366
1000 9999
1026222 1913949
2375 8602
1851868 1999251
4364 6937
1000 9999
1360073 1679529
1036540 1936047
214400 992297
7507 7679
1097456 1945924
1048958 1917764
499471 924008
463835 802793
215545 567745
1024002 1910134
27553 95441
3463 6918
71728 98410
11 34
1020477 1923319
10000 10000
1063933 1243111
1064788 1988008
1008495 1981170
1037669 1585707
43783 64441
6 7
10000 10001
1020329 1917669
1036625 1948328
1905966 1905966
1070351 1942775
763433 763433
1235394 1916400
248 857
1024149 1943123
1788904 1977952
