100
5
1 2 3 4 5
3
3 5 6
2
5 6
2
5 5
1000
134365 847434 763775 255070 495436 449492 651593 788724 93860 28348 835766 432768 762281 2107 445388 721541 228763 945271 901428 30590 25446 541413 939150 381205 216600 422117 29041 221692 437888 495813 233085 230867 218782 459604 289782 21490 837578 556455 642295 185907 992544 859947 120890 332696 721485 711192 936441 422107 830036 670306 303369 587581 882480 846198 505284 589003 34526 242740 797405 414314 173008 548799 703041 674486 374704 438962 508427 778443 520939 393256 489694 29575 43488 703383 983188 593184 393600 170350 502239 982077 770524 539618 860290 232177 513772 952468 577795 459132 269280 547997 957117 5710 783656 820486 886180 740504 809140 518679 561358 426091 56124 870011 570000 199840 504721 484926 356790 346078 538479 623490 612453 458147 27975 229606 177212 584461 861009 798439 797098 816438 255295 841745 673114 83235 16691 14560 755587 249560 109489 624803 344423 69516 159626 527381 168145 272915 711590 454702 322002 473772 23635 386558 420919 188040 108762 899819 510116 209091 605649 817040 20819 17865 146462 718836 160228 704606 678176 544703 220600 975595 797811 516600 223196 648507 394899 575846 321246 630948 58786 298606 967904 875535 306387 858515 310364 939289 743843 416173 252359 8481 878718 37917 819415 962202 570281 171518 867782 973776 704024 508874 377969 346931 205762 674154 432951 194119 104425 665958 296073 499800 325346 871622 899679 18093 200854 327741 987050 782701 339096 213030 674456 837702 932188 343850 882394 687111 484499 985509 234641 725466 84681 169695 910988 212969 759117 600209 841133 368108 340286 291216 867420 603983 954308 887266 135346 551171 104275 39138 73194 866169 788117 828506 340898 615187 781904 378040 570782 223715 81744 266724 890769 564447 925068 457770 277183 787015 827769 12382 670412 91684 115103 885061 40024 239634 988159 421014 115559 167384 241421 744007 102835 910765 378278 970265 909223 294024 253411 477011 100130 652051 39621 10507 982584 295550 596571 449845 313281 62965 913393 969814 969797 111363 215194 617807 979953 542914 688190 661835 259086 541603 307322 246382 81369 280787 983377 447903 652011 643467 940735 390479 306785 327242 316736 847135 893501 302810 334334 544226 578986 595963 245099 20375 243760 72328 551205 70917 75130 635383 290822 792185 493262 862649 154180 501430 794984 77107 949228 173243 776209 984896 821551 319785 106878 514359 919357 293490 893759 141681 910482 31760 316069 903089 803857 907154 840719 746185 689596 178155 432639 157897 714825 667779 252587 64415 963386 808253 549270 541378 851293 453310 395711 338670 257970 24409 646439 416684 570604 62322 354944 138285 125130 259113 828935 397798 401083 612445 233530 7478 528702 500900 648840 438317 686514 731422 238375 495073 478827 225063 412247 560408 906940 917707 275226 646416 48198 71552 511692 877425 159468 766028 883010 311803 692557 848992 371615 701283 736419 594578 856278 896605 960079 571233 176276 250596 217619 569518 757751 52134 681637 717154 347982 515056 164799 729897 40709 981222 807944 628449 267527 912863 959439 139127 775758 841931 659718 700408 445059 924308 971208 382354 802712 432922 164755 325468 126331 908885 959425 119187 600680 408225 118091 295476 248217 749577 4009 189839 438774 21035 627527 605628 835333 206606 284782 542340 273226 585739 250883 683528 791091 808655 973617 545378 490810 855698 769068 570545 383257 284048 108140 807550 118072 747266 545288 964946 761066 973520 136595 500372 572579 311252 503033 356819 528394 845 442315 449553 304800 399403 783088 683413 492300 647669 377559 203915 3876 277622 598165 881663 829422 510961 987019 461581 834594 408966 744631 987592 305337 170313 620034 530957 359423 3520 389163 425870 405253 861246 584429 733831 897910 748774 492703 745769 640356 648746 629676 406999 629263 633733 937118 782474 846269 767500 815326 605463 349451 264584 708021 873943 544247 152070 832976 484544 467103 45389 510281 744748 422598 355178 656844 19742 507164 946128 690448 401924 688909 604994 208890 207709 886026 269070 74885 830678 523198 368209 511519 736726 168554 653067 713437 815004 269761 609667 232114 561045 172363 789768 866718 329644 222319 963789 706691 843793 30535 899394 622453 316530 431766 761593 785412 189901 625887 165630 973050 443577 913146 728248 606260 261985 526593 138620 138098 715750 361090 751377 240494 718159 718477 305496 106386 397008 492362 99975 186762 55344 597514 888877 216558 34714 703924 814911 964122 613179 342444 837869 118068 692637 95231 399706 495023 377895 168598 231718 820150 462576 579933 211908 714936 330118 593619 909488 994394 46218 797443 857588 319575 383148 580254 918841 399929 880031 758561 152274 913680 15182 145179 664812 57120 379490 129979 462890 839981 906085 35470 60852 840625 42815 273591 117437 91038 27623 637514 744615 686772 845623 663017 389702 631064 969595 641604 243092 60185 935166 590496 349615 605353 560258 522172 60805 353228 412651 199369 880106 424120 662386 713547 743284 721116 752209 251581 976404 151010 918648 854569 852165 52812 91219 813056 469167 370254 984688 40118 531466 443350 128204 395189 707648 882316 24620 524510 90377 800394 85786 34194 384237 732607 313207 130005 794573 806920 855860 303745 424831 245390 557178 330108 338664 783622 956297 584141 104688 652575 448612 988031 719382 834787 701287 535620 896819 831618 291326 157032 370352 521078 97381 345380 574906 43575 814949 651118 313651 298321 352617 325289 748514 501057 526129 148757 914419 325573 327565 68847 979412 479698 912885 927618 969753 815630 925444 922290 801368 134582 523712 575605 992498 783949 702917 746650 361578 942314 643501 402575 464572 979755 532129 167798 148355 687243 562776 906807 184601 411109 727961 50106 99223 545708 265730 106938 261698 632142 526378 78497 72812 850627 643239 173368 861835 21850 368105 847630 710279 283753 891282 598079 865494 892794 425445 675601 544477 944736 798161 725819 814033 998160 256562 201364 746783 770333 514284 487076 403744 882697 796232 584598 40120 851142 458454 189761 299355 691335 5508 120045 302654 887192 746861 970792 543029 571969 551377 525628 542041 818568 953369 408301 629966 307760 301911 506318 586268 549995 976580 162972 636665 994532 736136 565909 368364 402139 936524 895331 669677 898748 925164 846344 383417 464365 795908 372634 749364 481421 336542 456149 116510 354497 415195 18164 172074 260234 857885 589578 287145 997727 257921 513789 739520 691321 433503 776998 485795 715466 491377 971495 716180 91378 129471 966515 229229 26137 253224 479788 952169 399130 723506 834363 89163 611892 995785 549596 534487 346703 946106 969600 103170 552834 419630 671647 118647 265335 278754 479713 793283 857848 786424 676807 87193 389718 668702 294248 507819 905079 116158 853877 105830 386365 905390 201201 520743 416605 887948 992065 288593 492477 895006 544796 214625 759663 337090 485975 8562 988968 657283 925813 968686 267534 540536 440252 759856 842386 228561 274565 928270
1000
706262 411644 130202 195311 560850 598495 960072 532780 608981 148855 413802 279792 695423 267058 214401 367685 470550 338395 605733 181204 879911 694172 534764 58163 326007 690108 645065 811955 891509 315367 493731 330042 127923 140118 256470 88029 538826 702923 563073 684767 226249 199405 567575 884286 422265 4237 20052 305305 615375 84566 224511 680691 984992 341073 601139 518430 23125 329835 139442 250822 769981 681203 41023 77376 724930 103210 317020 269338 49767 31170 139035 399328 933706 638379 242061 679645 273634 515239 321828 948671 352363 803563 641193 843326 606161 870385 405163 679003 620638 527734 564440 535762 393771 898320 632730 549124 53940 508529 175147 215024 434613 545957 250413 270935 530147 473235 403288 103754 373478 654422 544199 544753 843819 723164 684590 30414 308128 682413 155773 913474 141927 879122 216269 841590 848230 335465 888593 159768 849110 381735 439718 117860 601006 269756 666880 799388 603685 8185 952336 919682 642936 379507 561914 882813 459529 779219 598559 422280 933527 408431 605780 53275 470764 37415 704133 591 42066 111126 139575 508079 356289 270904 983624 909000 654863 802087 819709 245174 808287 239812 562357 357718 158660 776855 916342 313699 879763 346257 657556 995790 772071 55668 434873 376304 293932 816136 441021 699241 634932 518996 56032 673036 891384 172200 642745 487440 340985 710427 975199 21665 897306 383239 833849 174712 716592 99697 335611 969909 656616 784524 461306 471167 492626 773156 723250 193769 440605 542024 571429 926771 839748 149882 376121 108973 26224 74586 182966 766078 667222 797871 288504 155512 972101 826025 946783 18788 396548 633799 736075 912651 537732 390793 5325 803864 982158 907247 662269 342476 239151 775020 935430 960327 175608 585353 513119 427426 794401 935783 724625 700306 690615 653557 536754 247916 779478 119094 643889 386988 559963 641437 478924 978095 239194 12169 955258 312008 278073 415560 594967 986115 707525 318321 534689 448686 501588 417609 167618 395485 389090 200720 816919 359991 151487 566875 844844 780562 622041 731039 336115 142712 255010 349354 279134 467762 149033 130262 252724 196504 801701 537557 198412 429218 871916 577613 553915 391319 195838 625406 77150 786190 57525 746348 382630 682412 591006 129176 538503 74168 241219 381669 285672 661760 986835 356862 838598 225100 709331 347721 535364 88584 827354 208836 463453 290296 810203 592595 615185 754749 254897 58249 828556 315606 812272 956640 629192 103292 853988 633429 245900 207873 507722 121566 906021 707863 819283 383821 923192 133955 716251 254605 3632 120892 201545 763346 378050 482031 613582 267661 638434 671572 921370 502867 855287 967752 768896 421192 271980 97732 831027 129601 559513 453931 44847 214338 822897 538660 924395 907974 94028 678117 42659 422667 441775 956873 595318 190001 509748 521829 197075 359732 877495 981471 776867 64502 905877 458460 834057 176780 147685 906663 285524 43056 501049 990569 835499 396300 993074 796671 842066 646107 394382 905710 470630 934643 552192 909858 477157 426821 588683 317311 149398 589333 850963 277777 865022 787129 775676 415131 998757 790879 575649 113510 573816 14382 902209 336698 368345 550884 637465 582728 484926 634356 847143 446210 500080 810347 3407 160711 325030 213938 896010 148217 107887 317201 508641 821481 995652 851870 608838 37602 63465 630737 819883 265513 969220 550388 573772 618622 74915 170389 936193 267296 83294 282429 726147 262809 210582 277130 480422 737550 301323 873510 975883 822017 75126 315459 925786 859385 133254 442225 363943 747470 28710 315477 749780 886871 40627 588354 663609 872917 424580 973050 197426 114763 130046 586724 122441 266597 196302 55294 962384 334926 964016 723235 219770 932547 9352 981655 32265 253314 551958 9178 764712 84655 817087 35105 528158 209437 288765 490485 371378 391981 653431 195242 181502 684395 296963 932956 426241 474022 23171 20656 104768 625629 664544 952198 432470 707671 343603 74062 420186 701625 804224 951984 832173 563615 550366 501096 477607 680492 575707 857162 450075 471175 832080 675637 524451 563447 805705 607383 259151 310244 604605 45849 457577 891907 232144 444157 699505 925504 696274 625831 383895 437360 641947 356320 784872 8191 751418 742047 306441 14961 338159 589186 786948 870367 208564 81737 119887 989049 645437 128365 690766 959478 607438 232573 962390 700554 182985 766218 504175 574043 365788 293752 420437 526403 461444 866266 74206 198990 937506 607859 617530 629750 243496 394680 210149 151984 989513 743815 879138 1464 704471 307263 497911 675252 31187 370760 553896 874379 513207 317584 603761 583612 292289 548052 276123 11293 310726 86431 491892 501149 870222 747907 749378 989645 264678 372736 230558 102487 515230 511329 129725 922542 978504 68306 3172 61798 731731 852522 66167 8963 537947 332712 18738 8800 211360 200110 295364 550666 251380 233517 210749 887002 238592 555331 452634 331405 406761 15992 185048 640140 761488 218370 176530 905693 97781 794861 878052 146299 832975 150057 43107 286234 344324 589541 442522 793458 664767 119194 202368 746163 115936 952636 811560 219837 286112 252125 422845 248640 32264 251768 194799 349925 454265 874313 659556 615483 864530 386534 426094 244496 830203 877361 910829 604927 113839 72269 797535 885467 532269 920768 930773 754752 370545 456342 351885 396050 471316 17111 127345 168016 566816 871610 711396 149496 457684 627305 135192 79689 612039 235429 645058 171544 855906 309741 428359 549967 886348 916378 844793 684516 69188 186790 534607 985128 726147 191664 355998 962465 507746 870319 857996 781767 627042 665844 342078 120416 948561 32631 270885 613896 964932 210168 246970 847908 327067 402956 359741 49454 941822 697731 6826 97145 135455 368887 890323 140860 228077 311444 510695 901090 539458 903555 541928 432125 871464 580836 474977 512452 355630 433102 74159 205217 762997 133585 208249 163594 362882 49289 360330 609695 677975 867347 87078 643823 196315 342426 575130 837954 670609 985299 17948 316091 480363 36206 52373 366773 559159 135516 68306 318837 741523 567173 996805 605105 890396 572890 480921 415546 71491 62932 658407 859173 19049 180227 327468 313069 834197 252400 306214 487585 950808 294515 633705 48600 431441 927214 217405 356462 654145 565542 576032 608553 675387 322664 351717 397007 522338 567002 873966 395837 449248 832655 971075 242896 730431 247612 741121 38528 507129 569979 699592 917031 795096 563081 497175 13227 552666 562225 742102 165399 588662 51583 725900 821609 437777 687686 662311 303599 88246 757998 357077 161377 442207 832942 954187 567339 969857 173425 490418 8378 233967 876561 59394 654431 509542 987578 993597 123342 262074 991419 329944 180479 911773 617222 308158 554387 427408 457985 552125 169779 615604 955169 592040 787500 282536 154596 6439 981319 119063 380015 654724 734600 618133 439563 814934 442360 835304 54025 722011 97299 387561 443388 181988 448949 852895 36408 193919 975616
391
912647 775874 173524 597887 180405 775721 556433 798590 64928 928007 229812 849782 441598 888851 101642 53794 468289 930469 465314 507472 164192 541033 427208 887915 740952 477763 148955 145955 971249 611016 224973 810978 216122 453995 877177 103403 102952 52583 151704 374532 321646 280123 14163 487119 445370 740799 303097 581187 313147 752995 174146 489351 445779 458739 538114 536139 316348 824108 951487 559008 635496 723645 319808 592291 462591 484433 394139 536260 218135 241024 200161 594489 245330 780630 905301 759727 328282 942636 344284 361566 595279 660677 408839 786666 853526 288608 224603 397441 698609 669823 175628 388698 901859 959905 604226 780118 839804 222193 65882 611359 384692 710753 293679 433963 808292 93248 407842 153242 533615 732771 987188 753468 144251 437007 542190 637762 700843 973308 942208 208561 158385 970032 160521 968226 119838 584951 129883 133800 333834 793745 702265 317274 137089 358627 174152 235019 496951 488724 922613 89760 532892 564811 142770 360515 137871 893643 348542 64852 475176 529038 887225 719087 206138 908353 5058 697194 42158 819686 189399 797285 813419 771484 110150 400282 104798 718630 994062 522730 651965 667058 142718 371462 348897 750623 411387 368047 548999 205942 65293 238002 20848 669462 456762 616650 567753 54191 815076 818873 7587 430186 785725 415446 859787 695204 660630 905767 778958 584967 47302 454473 688739 523162 584737 349353 841192 245439 639540 436754 148739 19077 129920 288216 472365 26765 67137 796411 980235 431009 469789 602695 96869 538684 674018 944273 643167 544902 410122 911823 523350 477591 733775 437865 67253 591833 866015 369314 96176 105713 906333 111091 654202 87508 512370 911193 234472 307373 611360 573475 560483 392036 40895 595235 276767 620424 437887 268619 995789 321638 971048 477710 534016 268883 173813 706147 455544 585169 182594 509967 658687 759758 666548 413789 685247 596872 477405 630302 306362 63168 147836 972720 892709 827034 259173 838853 789559 541211 302986 106832 997788 998775 850911 445754 729641 910495 541989 125128 976270 537734 769627 622512 64775 461968 11976 265901 961536 691461 565692 112044 685241 605446 637463 688335 927897 447364 611003 529761 589024 679344 187964 55546 116332 42710 555094 305109 784647 161900 150183 865607 89672 352885 690051 562714 266821 134697 577744 248121 856091 264853 933098 21761 610919 282341 474613 436517 809103 185263 767801 34047 636740 823674 429410 849077 354783 354977 910838 990398 789187 229459 942363 365536 867664 321880 217641 257708 690933 979560 520953 107198 684719 898557 781520 1838 312186 776527 701345 996081 898186 798223 689549 380550 35005 768165 457062 865001 131780 857156 645434 886128 701279 436155 270187
100
242486 574942 177782 358488 643179 594748 893826 433205 553645 421844 754874 625682 945350 141480 127204 292480 616255 638528 201567 271417 595426 264380 829890 106596 782620 153031 714202 782103 943421 902076 24487 661039 910419 770279 454181 750274 284092 803084 406342 970905 27891 582713 129947 766139 970503 491964 841329 233015 28144 803235 410545 84043 672756 901112 83788 610792 347613 42444 73221 45346 306705 307883 537453 620740 850436 856231 171132 627650 876659 249909 603010 988276 634389 701517 310789 992518 831452 322761 301797 4799 481152 873412 784914 147554 241678 161236 259636 202576 164992 553180 914248 854608 621330 316195 908347 211026 38682 216006 790065 548558
312
219817 637257 511519 794097 445844 83423 70455 230904 523580 714745 556127 9775 952960 458162 540344 192210 243390 214180 606454 908678 264117 349454 287491 29085 10502 780974 977521 42390 76913 452155 304228 246634 869770 193068 194677 906034 623182 686043 668362 25789 977942 28765 227407 475218 837617 949452 8842 138388 15978 137125 913755 84706 539163 194843 7913 279712 258940 542791 873768 530091 533278 278946 179944 479290 393975 901718 208272 25636 51672 317156 218865 396898 880264 728170 593393 831941 879073 64937 689140 131109 410762 389612 271599 44382 194302 706366 957324 909570 22879 569570 190716 520872 533579 162386 87931 480423 52616 841058 888675 14857 800865 838694 39745 587159 474882 175219 818798 566305 812342 935118 969880 662621 872868 63449 337900 474840 512212 367571 816987 582325 846625 443073 941772 355860 993205 566324 377228 620629 106257 686879 599840 805191 75696 419486 586240 60830 762619 900413 625694 764162 944427 454659 511904 888191 676765 276694 589413 767396 844181 129795 167113 687463 715981 729543 489266 383735 960422 254741 286766 24804 84462 625266 662707 218910 740088 170437 371972 636745 777333 452829 808359 472052 663911 833509 562694 562527 932922 34027 18743 36398 310935 537614 617883 681387 17039 873885 237533 967425 345833 844782 712666 22914 512064 393707 993385 231978 395015 174233 4689 538398 620081 162559 837527 222114 937357 673402 971261 437884 838391 605227 714970 410529 511383 271869 337000 925549 78300 832165 749975 162002 430568 835297 508819 507806 503780 171921 990716 748344 285572 347318 707634 870118 551499 286356 358834 544706 886337 703926 225544 20061 657443 263303 876635 160453 996299 800763 252364 15710 820734 110516 152064 384363 172580 94813 549207 654780 785319 57899 51294 472346 741701 207866 595494 110533 898654 873542 936355 389075 82617 817535 441387 349494 427386 709183 728068 435832 266535 150855 52845 962218 967279 67277 593011 973146 575895 970666 145310 719340 841283 114589 204337 946666 233146 616525 911761 711315 773054 299048 849547 138303 399956 489159 703919 34088 75200 368123 155652 909667 443665 589244 426142 859265
901
81130 610897 776962 917538 556158 469919 176169 8162 24079 278574 720305 402258 541869 271338 973300 920351 264020 384299 105386 395292 241412 726626 312708 685887 26550 706771 637330 290411 771043 864186 905781 694485 439118 584814 762036 315759 883369 786674 694338 759003 51192 812998 446630 686472 650711 423536 735755 857716 994441 17508 914914 775066 595650 762251 348239 404503 40607 928404 807314 516427 612607 823895 166190 570271 723072 582775 976729 256315 679349 779094 390796 940256 412025 146461 170390 393122 986954 914917 899605 663175 503331 642341 605174 954729 392928 391827 729225 803780 739326 159588 633578 268835 274169 255449 8821 119593 671806 795919 106866 946698 465828 782459 41525 79933 814546 96517 37444 657563 43822 414943 815142 114045 842626 910122 975061 614145 821340 159232 574123 875392 865529 171596 828718 398051 512478 797252 668254 325977 855966 930772 808549 49797 15175 575487 99427 87122 871211 47574 281171 304994 932543 946729 784580 458635 117235 963808 223471 641163 778482 509707 885504 938915 366037 709399 94404 430919 672174 274785 373230 759467 211035 922334 140870 222972 614395 230072 839959 358829 127244 669037 427438 623906 111937 53018 295335 515156 199071 208213 836159 242044 347019 871296 997901 772241 140530 764694 90431 799519 276011 219248 426136 142207 666869 823130 666362 797428 161269 272544 837399 326527 746941 566883 149334 221332 923278 901930 595962 15946 16779 937739 798656 697870 259566 908685 73065 688032 688193 370315 812712 189559 962223 932897 339056 329780 794892 343058 588535 691115 945242 753987 275860 353261 75038 804323 844695 223037 472013 346134 282817 29262 594715 950486 171050 754194 773020 535467 848054 423305 621184 68019 152720 587032 842222 474147 933593 493753 410140 783621 920646 900990 659512 214950 308801 557512 36184 298798 787966 251099 648194 303876 133368 333458 321173 277894 310593 918603 574754 497217 264179 289782 799318 334020 149039 387265 673353 940737 832973 494885 168494 886070 39568 582839 971528 316973 522904 305477 415523 108810 617597 701415 129226 10409 241434 354322 434552 712368 520320 32675 19027 443577 168472 808204 745975 804155 616856 209454 792109 289296 164957 38894 390380 954982 684175 659986 379998 436153 909616 998929 333619 587874 486925 203168 511360 88931 796162 404631 654310 780280 235448 947682 986945 485324 72225 639509 678513 218170 777957 281915 260071 85301 618978 756000 694304 305476 297302 53920 175544 254421 208800 42145 399250 9935 503277 2734 381666 96809 161948 696816 72623 780428 680429 640818 530777 722175 220314 406143 17867 4229 415697 616882 965484 838906 53382 917381 395800 414400 159180 91576 451935 544409 852177 664603 191809 595831 820787 247407 292461 257779 972146 147127 632451 361675 724835 500280 218916 859684 537099 21962 218590 168726 322069 162804 645242 608493 387884 257516 635219 375517 767978 863952 719591 939125 301358 851135 405700 857921 617417 286589 280271 857015 483310 152660 580094 141498 61182 260214 775028 208178 863474 40262 337102 4276 687966 615148 784405 815604 907781 423639 366630 608564 485954 193578 432555 391580 888904 80899 726825 705996 913968 568435 705314 123102 873635 51937 608034 112685 229192 687581 383658 686132 220103 95845 346870 505743 809787 866383 378408 942674 563249 184231 503645 679870 762990 119501 972530 556998 4905 285463 832193 54418 311809 678426 127431 717937 589428 268432 810360 72953 193338 764400 602031 216594 392580 848299 173118 64443 498508 203911 682544 244526 189286 613791 959608 548322 966226 991591 751574 574078 372171 78869 528279 179291 566946 433546 556815 575704 560026 927535 553905 117533 884403 741575 367725 443760 562241 391759 669655 998110 52329 917525 990044 862981 463367 663251 466661 373215 156234 200981 477237 282168 208054 609032 282672 832311 88072 226975 424417 214198 836991 492198 61681 204007 698634 308985 299397 210758 12488 758294 325585 243994 105257 505389 738772 947078 932644 17247 495971 485290 549234 426515 927571 593932 435933 962757 517887 8121 627040 965089 653147 199732 838266 35758 847067 134872 841187 178479 146363 251628 503975 692259 512431 70961 947090 838569 366625 37644 409353 963080 953891 168838 197096 976833 338580 696043 928946 825813 804332 612661 807756 235230 904123 213046 123264 769665 991410 759009 623156 88982 528320 178533 540752 409760 140277 544013 791463 714789 140188 936337 931981 358701 977790 190501 400271 840961 85932 394328 9809 211573 356057 834021 625308 94874 796524 758988 306694 173291 734865 937571 219251 329971 332416 966967 50959 18592 181951 462409 965872 36736 797634 525422 890219 963900 717916 249906 910402 11864 987946 413306 269972 883011 498466 385748 305248 419216 248197 517944 435976 263983 5828 151544 781136 708606 923721 149145 926507 887265 350082 954501 983818 845624 556918 871066 154345 132749 138850 694751 960144 194315 136852 885396 878169 127199 33429 278240 273015 7417 145357 835150 63760 456193 716507 714081 309415 133676 426085 360010 447923 292375 475189 974381 7980 229936 849081 499477 783919 79152 989902 2509 786217 245452 711707 804714 734494 954814 222489 852132 617675 183334 218191 90581 902515 330379 346916 121998 803090 556225 204680 795229 536408 792675 705855 431351 356371 892820 181092 101631 858707 687418 925779 610654 999269 431397 63411 665961 251695 392053 368370 326370 516627 598636 70698 893239 347638 737258 346588 119377 329286 225272 304133 668165 678527 191511 705306 616036 162307 580061 56949 660614 265734 589382 937721 706333 558203 569875 247813 468525 54577 492851 968189 503050 744149 902718 565929 129838 990120 508904 427988 62658 723233 846897 532087 185112 706274 189535 347076 238830 526904 649665 558334 165214 234729 219646 510428 963686 655636 859418 90253 24708 544603 229598 332579 730978 93769 878440 412623 593817 42446 62140 673283 37823 636683 311390 300221 955524 863114 306808 384946 294647 119903 953407 650860 714481 423985 208567 630797 245629 913457 944964 967969 214844 296073 862375 465088 558294 713883 210421 462836 83526 30847 968367 722074 621878 204849 295266 919622 993893 642542 923444 394708 843786 727965 221336 921698 14094 268368 493486 938073 352051 109442 722509 670014
690
388059 421100 940661 832329 977230 702110 386521 373553 141718 67971 511750 159752 582156 212129 502748 898062 465332 924592 300959 134759 707316 433706 668650 578708 435729 363293 217863 991333 203318 461133 892389 816295 982664 623427 284543 868039 65825 942346 447727 681986 894063 518886 820400 838659 509038 911179 248255 157013 708094 824175 411771 30212 429295 225357 71910 165240 602215 379490 796723 219891 603816 268344 283818 149809 742035 281680 670572 688498 554166 662150 681897 97365 772562 518369 814527 110917 57518 646563 307248 984978 306243 451180 344145 558837 212616 960362 273844 919494 984858 338226 816824 896427 35626 970807 383704 338952 803395 167423 27318 968186 17634 637871 568898 420355 826173 816280 24304 618104 858515 389109 124502 574221 16483 383705 499288 214785 585451 827694 472047 542296 189300 8380 471894 250550 631297 100591 452529 516336 783730 52037 889222 153900 918264 811790 890292 925484 82775 361759 592453 331223 660263 870308 203516 317665 871207 330400 81600 746919 293222 583360 65817 565039 813942 444557 364079 769655 525131 474964 174343 678848 828982 337 308482 651616 150013 858453 134380 243896 457447 138032 905580 506449 389576 610672 747397 544238 646294 681488 436154 280125 125384 662715 378019 953390 274347 782620 440150 155134 390317 627669 673362 347515 225917 156124 592751 679853 901058 489726 330791 798724 635128 725174 64463 823329 393393 670675 73128 222 30050 75046 87320 861265 548385 61480 998816 430739 681947 662330 355417 825692 966978 409772 354333 422745 831713 502173 101570 10266 661089 148209 766747 599724 211105 68172 669691 160232 980799 513735 327059 804157 617675 658652 788935 452353 43873 159386 991269 623959 23808 147947 106675 256512 654195 927269 571751 499066 922109 130908 898708 642822 235963 767715 174919 591944 460116 107424 937187 195591 365599 636809 270119 94738 300351 376781 806907 545039 922252 139335 826990 985810 983172 299368 100442 764044 440045 640004 97784 964074 395357 965545 7692 293870 469348 369046 209321 980290 548130 936754 518978 786199 641840 137792 698264 747625 716851 491337 48641 830118 968582 66732 42614 431938 736964 449370 818273 880151 595548 616302 643977 371102 203584 910333 259541 826550 518094 739389 787458 883121 838340 327600 834337 869160 641936 198478 985086 798908 384202 303011 814610 659649 374418 906852 989974 678549 831531 596614 304950 798563 700242 880979 347931 938687 694835 750466 842485 455131 839130 890994 970914 599406 61727 241405 197275 140551 378625 587660 989666 82275 957283 546984 801042 827932 353622 702776 743974 329033 924638 881945 10996 854558 386847 957413 58458 842830 511603 276458 491655 834251 428318 455701 883970 840585 220181 511497 400955 191859 201408 111793 167250 421672 252908 725209 92800 239730 961686 570576 183909 821208 16914 305297 138538 411505 467126 916143 495568 899213 958021 44698 106005 810479 294113 463364 654805 427261 866764 26658 262495 61866 259372 985999 28698 543857 218294 741248 163904 743793 519585 962818 79316 523514 910376 520970 425785 923548 828841 781682 406235 327731 282000 973717 77661 135109 632498 883423 978974 608831 860306 363749 515399 768813 174800 702323 424638 45471 356068 740925 799599 684687 723330 370006 310087 398598 438286 326167 885489 700554 151511 132788 477787 636997 693930 427176 577614 605244 294167 805396 344655 131397 144970 648293 474306 844970 876886 232694 780061 682633 562617 995600 169961 419996 409900 269784 616880 855641 479807 81004 262701 719449 459381 45631 253091 530213 322012 205974 381270 110863 886855 321356 469018 520962 449105 921703 154410 493989 155878 60820 704513 334426 740242 488079 36944 80471 26688 575520 404739 291642 300239 431845 864967 891594 823932 745877 120415 371779 821642 203250 725293 108732 814900 258302 258009 964645 110408 899771 294903 279643 144432 57632 378846 444415 313044 6920 891082 842483 629168 136397 149970 485212 171834 281483 219254 769465 668282 207462 948067 603863 793171 671154 463449 469727 427210 68260 942301 344512 55542 103971 383550 714851 499876 330882 906068 68477 268310 883862 468582 465482 80103 596942 728209 838448 113455 571344 815922 892128 93171 144539 905883 382292 423721 733161 218247 146617 559801 617449 935117 101425 645401 124356 583001 643479 416758 394535 413850 822593 849629 451111 744134 435848 440623 622560 608244 457228 478109 861748 332044 626947 141121 977705 43526 780417 166481 658973 4514 326917 41195 421870 619072 17306 549461 401740 872505 395199 27497 240150 874920 486078 390522 313894 288455 139229 566102 139967 141319 145775 236949 894150 198373 30667 949805 489682 969984 787620 469692 428094 494 420043 238574 379009 858244 618977 942333 768700 853196 108749 513249 822533 776960 819157 428468 580168
522
567698 762368 367403 897450 876713 748404 744645 989707 91134 349856 441900 421873 676264 439158 376627 28187 47906 487977 322623 231018 19564 77068 179575 475134 231104 459678 741168 75579 628351 756610 904615 994070 186886 43512 648685 543770 905736 595304 822235 11062 470141 198451 181512 72074 945656 391613 797024 773993 808029 302392 767806 454576 934584 680597 897822 953391 357376 356789 2866 832689 617594 164430 622421 942881 925667 990991 336910 250583 3194 143421 257268 626821 6280 929273 648191 857525 284539 523477 913966 109771 77986 149634 202994 178186 31228 156862 439982 320612 446661 501977 707339 578637 970846 944803 898764 521902 243249 452203 491625 513963 939688 670415 936048 150893 639931 265112 18241 4267 370752 184080 327257 42332 29463 247692 725180 482228 721970 915756 499327 587203 199560 351315 748489 786020 144440 193876 461694 448160 614310 866296 246766 95101 88150 312236 369784 122047 831748 360362 249364 283581 883576 629092 809412 124549 167398 406556 463920 136571 196934 79364 72710 153943 243903 301460 601779 998837 573458 478970 386339 108627 659913 454288 659176 394691 212328 333493 150296 268444 952387 195876 597961 925837 402432 321940 107441 132590 928194 470386 324557 43155 709381 134139 498946 754549 802520 858757 257448 156050 118853 317791 341651 196444 121539 415602 420467 133038 820310 88839 388618 385913 393900 618395 516253 602202 732180 93242 965452 523294 754344 199551 472969 771613 317631 557397 872448 528431 524038 699114 921596 260515 974360 740498 393218 170504 259575 406758 706312 404009 53669 81625 939336 79517 902821 913847 610843 659472 853596 835917 712987 753950 922487 241575 409880 752464 683564 401086 997301 46406 187959 147595 339017 938464 991426 770947 420642 929286 332462 537045 717293 349254 707351 916200 350462 774343 71312 907509 468007 356864 958282 92402 515444 954707 377450 262864 457808 664795 263669 943860 915542 784344 527626 423737 236416 351183 465739 331406 519571 11573 806491 759086 786764 98980 272647 223977 564899 962631 357813 834749 38953 670916 388728 353328 661734 844577 933514 408792 509103 458279 53272 556885 742578 919620 212476 557210 795542 200030 278935 417132 680239 847814 292361 604899 961608 951575 825468 412951 700272 481600 514670 359092 992432 750242 543672 31254 323222 860185 90750 884426 441286 85579 470939 793556 49970 494186 689466 436076 294412 607317 544205 118966 892590 854112 534006 919733 617450 33492 941744 666621 151508 21817 751882 380866 132498 670208 555089 825564 602183 450431 327874 991766 951471 64059 991436 760389 252168 783230 649715 628394 871603 302066 816746 566951 377964 972203 75648 587679 842783 62580 859767 526908 553209 311043 767809 143732 485194 367616 547659 206365 542006 14130 625410 589158 144019 316172 441504 834823 991629 591820 784476 370302 903719 946720 993195 617886 83868 215726 222861 609616 347458 433295 765259 96104 29252 233441 646147 240054 928045 528991 549013 510099 61523 637206 586435 709495 333810 888671 423733 769263 1485 581219 929824 178618 1988 16771 365883 823369 218352 658885 800853 243481 891836 586686 415344 379495 171080 834387 817250 207796 57398 147352 393040 360332 936786 764054 168628 892678 960868 959360 499791 645111 907143 182753 997535 287954 349753 242351 704611 731486 228786 217755 994737 806314 268829 812419 703291 430249 940845 736875 279953 911482 359733 782959 490150 410901 201921 513543 529658 315564 232542 539754 423391 543993 761457 930265 512587 600941 94615 202632 390714 545181 211006 525544 745514 715983 853336 603307 752356 640090 105193 635991 677957 565889
796
367527 855561 877385 421693 795506 246416 190316 855035 85467 682212 740733 492384 255958 33583 393955 401530 464274 204321 285413 232358 143002 336761 874141 872886 540326 676916 610720 582004 451416 673850 374086 313216 227313 394348 744515 38168 778045 799228 681260 659476 136361 351590 143867 500660 447000 399099 983728 416699 866033 318486 206850 386315 399931 510267 90177 637471 967011 112579 812218 380051 111769 771276 968590 725719 800731 844396 820068 466801 482940 81842 754141 906281 954070 947812 459556 755256 383728 849623 188789 61332 196695 280330 178654 497421 742949 527679 915088 155243 10150 307597 694011 184468 23956 289415 897214 285170 170741 298360 508624 794726 667286 865773 448549 211456 194377 52106 605877 327737 356441 383116 44136 395373 157239 154025 895642 180787 693277 461034 344861 970635 515439 921581 217687 543710 241447 800512 63230 239904 946281 535041 463753 334455 976875 972892 491828 487905 132687 425071 187072 560647 377739 873754 672406 803131 697882 243408 484144 340078 445153 78741 859783 965976 942571 157246 52941 472499 853988 609713 643469 42552 34769 934944 477329 458661 467021 429319 405792 103738 284893 230139 105488 429505 664362 906076 754377 796508 306599 631033 138827 312948 311392 587001 985864 35613 196668 464557 723545 840478 222690 3371 934451 110893 426482 252321 140014 699978 504733 374667 343390 906474 865187 52438 840390 163439 229463 480197 621861 545921 109479 980134 760912 612856 973069 997728 589185 435234 639437 741237 31032 699241 479277 599713 132456 44535 538028 301564 807107 969412 572101 921577 257154 348701 333111 365447 33913 427225 496584 973150 371389 253077 962757 756002 66067 259613 292675 773410 293581 923244 706628 866744 846989 673078 530419 909597 199103 571713 522883 285968 555291 225836 655905 145317 719004 631134 960395 633236 709355 605793 777971 666949 964895 884748 764432 50664 76474 784204 900268 187684 838898 4916 425890 245895 904998 112574 374296 843597 600861 854623 523359 93988 318356 632095 467686 995615 561686 433019 601312 375996 344212 293218 398379 959982 369222 842181 407665 428343 922401 690802 330606 141028 913689 313542 771839 885065 372633 362545 80098 751873 131775 645186 36242 141502 732885 264507 40561 127646 239931 983597 210803 157450 199108 372466 311166 593594 460138 574114 733622 626952 31636 140885 659746 512964 212551 898328 602753 524416 513616 914720 709708 732411 692413 558970 465568 579596 904518 564997 106325 300040 779876 237567 205584 179122 752427 753332 889781 633013 826710 231113 642140 487832 690078 906097 153328 966041 628312 116627 444930 671393 956793 805527 637485 771016 249235 898056 173429 608929 68219 858501 86511 831689 696886 520079 301988 673912 544628 638298 315408 147333 500011 700021 172655 775158 616058 675 69124 539758 921506 48023 866039 647886 533825 459603 566841 977500 17657 355896 80363 64374 177109 573542 577038 193647 669728 943977 486544 347894 857814 910662 490746 102986 863896 540311 176818 913831 97309 299962 900861 620811 571447 537440 575865 580960 439757 756911 439208 785460 532682 589426 303933 269565 837957 827709 988091 33903 869155 716650 489623 943554 820329 730275 717217 666432 955394 577852 435759 243971 540525 72924 674194 253793 681967 767938 338897 917185 381425 131451 971459 324053 406818 81252 582270 975152 434480 394060 570827 770935 616663 756981 133283 847536 996261 17911 642887 53636 440773 345957 818862 326594 802798 698493 960858 725758 622557 214252 200121 389243 773694 708489 278972 161562 669976 766578 607798 70321 618314 570815 544323 243697 499652 449932 544967 112812 970638 324717 714650 377361 224207 95827 450733 111946 764894 991833 251773 514240 302415 19864 604462 681326 384336 431263 501579 448749 475781 256517 738330 786763 577023 67926 122259 384244 118473 267413 852199 92036 344191 392033 674850 936990 746361 644537 641343 400139 261429 675325 385385 15569 676680 537490 73260 404116 107276 771639 911256 955350 461886 404248 406222 25707 280736 776233 486382 418438 776894 176105 189047 376274 283867 930877 953289 547791 413212 146163 982984 297095 650082 585161 31361 523454 293938 487577 937176 740277 778411 752349 383299 702550 493053 814554 781885 419967 294981 881183 347022 342288 244802 943591 836477 94305 154540 315961 592435 999613 474023 385016 544003 234529 525397 550080 916865 417178 385755 959442 8441 854962 571480 562339 316266 793789 883107 871862 629329 218475 437127 176642 567751 721595 297866 895494 472504 769072 526881 883012 861233 639885 239895 70513 856566 325410 655358 610046 219536 773954 161470 822294 56801 356613 866056 618178 304482 41457 446695 983278 746489 173572 560256 808958 680648 498383 723155 306862 158337 667716 530486 728895 820925 757769 429259 242246 977956 363300 936654 352380 713056 366531 676475 662664 686490 42982 569615 921909 518382 385076 95998 2233 2285 179050 109079 373144 512027 400693 437815 606730 515490 272398 479205 182171 658597 992589 648347 77698 936779 161269 224422 287122 852694 905487 49247 602496 6319 695552 12517 912295 442221 191669 376207 149286 339281 618076 108191 811637 615925 339280 422508 722097 165414 500985 468301 881431 82481 215026 600612 140208 248630 239524 858919 361068 522173 571825 197862 32194 98726 411068 860465 812145 505337 229729 56252 168985 792693 664833 431422 538832 268893 750800 898261 787506 537525 295195 236783 545484 329692 556264 739849 413242 544931 598838 909202 777621 533816 28658 477109 204654 98894 439956 631716 446867
495
551612 755878 447517 679135 192530 755263 651651 635543 604761 876370 7524 812185 667723 386423 804904 505171 273944 565902 767850 558987 452235 380353 394808 55184 60447 353738 727176 459681 470167 37729 974052 191115 321381 913199 299499 937299 732331 248806 701776 157127 889638 588531 684195 873051 374542 107098 689833 424846 424005 816503 223476 176785 595528 620873 467056 102518 401112 866638 753632 191404 680019 573397 941321 357622 595160 539518 811950 589852 237368 385355 613470 266715 162119 960413 784038 212024 344844 180009 996535 290763 115332 835964 647500 14826 288108 145826 579600 608001 548073 123042 656758 202012 624188 795335 717187 604310 176303 658110 190496 955582 891108 110773 582345 912596 269447 2619 637664 716200 877092 303262 539212 404274 317053 134813 881054 607000 159678 461147 383679 93469 442320 121790 186998 942712 860561 812848 742750 298585 357105 700072 670401 841982 753211 539421 643474 823057 431121 261998 534217 908491 630298 236747 664713 800908 662083 787917 52113 758207 943471 860725 704148 58552 663817 57471 991586 36677 354207 852461 169041 180542 187523 812174 644659 43367 612240 613196 627483 875683 679342 494118 627267 541179 239821 971723 240434 107913 325043 176620 905015 515368 386454 353919 916151 341530 437798 473454 723871 163682 60999 702686 328770 568720 31083 153944 196525 827174 609799 467457 226345 59621 614879 164432 453278 582083 891663 1026 46418 620372 73700 705317 402276 891437 792665 688476 820644 339140 102402 389039 316744 598553 201979 977198 993159 697716 645870 591883 305748 293246 504884 160857 168743 911395 566517 657744 690348 570240 435767 793084 960721 96048 436284 549333 516412 462083 739165 666256 806447 572617 192091 982278 708179 861656 316830 947884 118312 118582 51358 555483 355482 895277 105691 894869 58182 327724 437580 821484 458207 126718 531477 113363 593485 931728 81348 428374 508255 85721 355937 946464 168374 575821 499281 649015 832396 507810 764385 927251 751509 467232 208898 783784 192436 62159 277044 13764 441773 448493 667072 208425 882880 302704 84968 822103 530658 659382 170496 168237 213228 421741 252816 773753 153366 557315 937209 328293 762842 929814 774387 749679 230924 632111 56881 225736 677044 426499 4474 33759 685710 601456 802217 439551 734536 931397 146565 364202 854529 757695 563195 834956 977614 558411 279324 502099 288270 293388 525785 61903 54939 370348 114620 504072 274638 710114 55635 982080 338667 348686 767902 975804 490170 760524 67601 408275 469919 827608 412914 434460 456581 513365 81891 507697 379913 200876 620042 37543 143029 985416 352495 800723 971522 856486 795372 93806 853829 240986 993864 17726 673486 434577 265454 340812 718148 83227 745185 268704 425647 949391 998358 827882 832690 371400 618417 764218 236286 710208 175190 668313 958741 955918 850080 193089 629353 230905 414005 731932 144110 674287 466254 831036 597019 855006 945650 801188 711560 100094 187644 62932 571509 216934 318407 391143 171549 292119 279245 881716 228325 119389 948267 142306 929840 351611 597010 591830 901761 523940 90338 434093 338885 525573 540375 976091 519502 285577 516672 322687 148743 100211 660533 151764 222493 302501 421908 906054 263553 628248 624399 867681 640954 929273 442590 56446 560322 254 942255 297897 501100 643106 112752 362860 366470 953724 150269 816754 670270 728263 807789 488907 959710 547583 352329 55672 117583 496957 686501 93284 61132
9
112 5948 9790 6141 9614 2310 7178 5543 4059
70
1566 6732 8436 560 294 9235 6649 4520 350 7049 7963 3825 6469 7667 381 5248 1843 6136 2821 1188 5762 1847 5932 4785 7610 2543 8748 5551 8142 6776 1327 2306 3363 4404 3485 7663 7145 113 9214 7323 5710 8414 145 5467 7525 8954 2944 9510 6251 9864 5513 9032 5771 5041 8609 6912 5525 4996 4722 3447 4083 6791 988 8218 8073 2064 7022 6031 5876 10211
100
2215 8747 9886 7902 3769 516 512 7621 8755 8822 7505 2777 8760 5796 6982 1035 8514 3481 4669 7295 4194 7055 8956 9358 265 7493 9813 8654 6668 1836 810 5977 7464 6119 264 1908 8538 609 3986 2696 4218 9205 8896 4520 696 2079 308 4119 8392 4397 1780 1916 929 6948 3620 9225 6804 5297 5577 76 2791 3594 280 9912 4253 3692 6726 8202 4629 7130 7438 1104 7337 7625 8779 2095 3425 4313 7045 7760 580 941 3112 9488 8067 3613 832 3064 4425 1640 5724 5334 1986 9667 3279 5974 5828 4103 9956 12629
39
5698 3787 2818 3566 8348 1401 5386 2981 8615 948 4874 3503 3965 8196 6603 850 9714 9222 599 1548 5802 9619 1835 690 3936 1933 3923 3552 5876 1741 4069 9328 2335 7408 3749 6117 81 7991 15693
30
7646 2677 9207 2059 7630 389 7709 1149 6740 515 6500 4979 4868 6163 2261 6810 4152 528 9790 9417 449 5032 6528 1909 6277 1613 2137 190 6285 9093
42
3679 3336 1513 3228 6889 6312 3238 4533 8663 1624 9183 7249 4875 9284 8588 1884 6221 4117 8317 1097 5166 440 7510 2165 5523 7000 8186 4205 3349 9098 9137 4016 8930 9131 2692 8543 131 4465 533 5669 7943 6945
5
1684 9527 6614 4610 10359
56
8424 2259 5318 5103 6438 5921 8284 9693 7037 7111 4872 3339 7218 2127 2443 6554 8933 1653 3011 788 2084 9351 754 7529 7754 2580 3612 1410 5848 2391 747 5287 1739 603 5405 434 9971 5567 5858 4774 4163 5922 1125 7109 8586 5039 7460 7537 6624 2585 7405 2845 8035 2969 5096 14752
62
1112 651 9032 3119 9836 6417 3723 5764 7051 9992 8688 8938 9995 7448 5041 2250 8717 2531 4146 6557 1730 1129 7194 4378 7253 7588 9822 3490 1197 3143 9663 1644 7378 4485 7973 8601 4983 5636 3218 979 988 2437 2426 9522 444 8385 618 9859 6848 3048 6226 7356 8302 1462 9225 7497 9205 708 9362 7794 1763 13017
72
4359 6798 2635 1611 4056 8529 1853 2391 4648 6150 9241 6106 2818 3242 6769 9252 9328 5738 2819 8465 1952 8969 2820 1423 258 4364 3502 7180 8616 4280 9362 9952 3584 1742 686 2622 3357 9915 3052 1556 9486 6009 6459 8101 4656 7773 6132 877 83 7680 162 7735 3694 9144 442 497 9088 2007 7673 1931 5728 1986 5315 7281 5677 8615 3142 5452 6271 9225 6612 232
3
3199 9030 12089
42
9233 7040 1090 9870 6576 8776 8257 9936 1665 703 210 5041 3 7555 1348 7911 3040 4761 615 1494 10 5960 371 1166 3886 9659 5241 5826 3077 69 225 5308 9826 6366 2784 3639 9588 2132 9013 4289 7221 13700
6
1294 8088 6246 6438 9370 16204
41
9454 4949 5987 1496 7002 2505 602 5326 718 9368 9764 7514 1571 4877 3745 8879 7634 2976 8578 1723 3020 291 2432 7407 772 2954 8118 988 9373 2208 7627 3615 4497 3230 5460 4466 4344 5258 1121 5989 2564
39
975 3338 6255 105 1738 9175 4306 298 7317 6857 5982 397 9992 269 6530 4511 8419 5300 4525 7140 774 7261 9115 4271 4922 4296 3916 6271 5701 7227 6411 1022 7659 5458 1550 9351 2152 7430 13780
74
6387 1032 5958 6466 4929 9361 378 6607 977 4930 1571 8612 3519 3238 1857 5907 2139 6237 5397 1088 1563 1211 443 6874 5209 6304 5828 8266 6817 9415 6777 7368 5566 1153 5587 2472 4177 6001 1659 3283 7975 8609 7552 1703 3685 8570 8548 6611 9023 9000 7912 9268 4188 8796 1564 5862 6256 4812 2698 6425 5053 5678 7545 5015 4823 7531 8715 7558 8431 7093 9822 2495 1388 6327
71
941 571 9074 5611 552 4981 4643 242 4924 2834 7306 4788 8420 3107 6311 8531 9444 2352 9934 691 9675 7184 2892 7951 1013 7645 1369 3580 1594 7424 9758 1048 9974 1968 2355 6340 413 3324 8762 3774 3651 6109 7066 7567 4678 6827 3324 7793 192 5103 1289 202 8310 2479 7515 9830 6834 7281 9974 6396 9676 3757 8983 5247 9856 1971 2185 3132 7752 7247 12246
27
3921 3177 8278 2001 6817 4613 1555 3771 3139 2381 4669 7286 9737 9606 3518 8301 8973 3373 4428 6763 6968 6728 4881 6874 601 4627 936
96
1631 2111 1628 3028 3923 9417 1883 5983 137 6350 7417 2655 5542 772 9043 3904 5698 9767 384 1963 4732 9766 2163 3237 4870 5120 7101 2637 1609 4042 8705 8657 8124 2257 4066 4470 7155 3873 14 1900 3521 1056 377 4719 1910 6691 3158 6694 5054 2062 8029 8997 5267 5738 2558 9529 1454 138 7576 7921 5920 2158 1751 1401 1724 4041 5795 12 5801 8363 8153 9276 7615 2153 798 7393 4640 8975 1708 9328 9744 184 4141 8453 5832 5844 1813 983 5743 8173 7077 2005 5188 124 8214 9394
55
1986 4984 3991 6043 7243 9624 3716 4657 4757 598 3326 6919 2466 1256 3946 2316 2999 3700 8845 2757 7200 1534 5391 6062 4775 4119 7154 123 6255 2983 517 4413 4251 256 2809 2406 1449 6976 3953 5420 7033 7559 7653 3671 4881 6159 4162 1037 811 1718 147 9511 829 5282 5697
54
5562 9055 1834 9794 758 1086 27 7713 3649 7325 5839 1392 2367 3265 9594 9012 5307 6348 5335 9416 4404 5799 9196 1520 536 9299 1965 4911 9419 1973 3995 3448 5070 8802 8520 2214 1945 6255 157 1557 4950 7181 4969 2690 1236 699 3469 1989 4276 4094 2579 5197 9213 14941
5
7497 1925 4056 7642 2254
72
1757 6957 3493 6786 9852 5786 3733 4349 3680 1236 537 2128 6130 3582 5565 5840 9345 2867 5597 4231 8737 3714 8759 1668 1831 3591 6893 4701 6262 6840 1921 3210 8441 7434 4285 8981 4390 4202 796 1986 1117 383 8599 48 7782 9022 2396 6046 6700 2049 8317 286 7622 6252 7016 1334 4500 9755 3294 8005 8213 621 3039 4639 1594 5789 2099 2926 5886 5734 2867 13561
56
9516 8906 1612 5264 5942 9552 9934 3020 3973 2320 1675 1715 9897 5428 2441 2177 1489 7037 749 8184 6911 1153 3050 107 4059 9755 8562 564 6026 1318 3949 8749 2385 4707 6373 2253 9747 5237 4180 4606 5634 2815 6366 5130 8089 9013 1308 5323 5842 5185 5460 1741 344 8740 5458 16362
100
3255 8870 6343 7068 10000 1725 8029 4932 9796 2475 2089 5142 8091 4044 7181 8545 1823 441 364 4982 1203 3121 8576 6019 7985 3458 2118 9108 1622 2789 8670 7382 3624 371 2132 1734 6457 2098 124 3965 9546 6874 8868 8391 6021 6479 7499 8110 8495 584 4045 9434 7970 4011 3047 1954 6139 8507 296 388 4579 4037 5453 8334 7872 8288 5984 7454 9170 6843 1392 7640 7019 7847 6292 3313 3852 174 4680 9626 159 8343 9359 2483 4048 8361 6074 1537 771 1910 8295 5627 9302 6952 8502 3675 7215 2203 941 8715
86
9973 3469 9249 9987 4246 4125 6605 750 8092 6303 6332 8694 5994 3186 1892 9633 3592 6764 3743 1973 9762 3228 5529 9158 9490 897 1907 4488 5775 1969 3255 4393 8283 2998 5108 710 5540 1282 3222 3863 9089 6696 1461 2571 2465 7110 3686 6173 7480 3014 5057 8450 3443 9888 1495 4982 8175 325 3910 6925 4357 8868 1077 8484 4249 8297 4308 3844 630 1825 6875 2140 1859 7316 7858 2199 3852 6947 3555 5982 1413 6651 9430 8024 2567 395
80
8636 716 9766 2024 4371 7619 8609 3215 9426 4297 845 1823 9608 2358 3539 8240 5728 9611 8115 1673 4530 7729 7511 9785 282 2538 3052 1034 8969 2026 4628 2248 285 7790 8374 4655 4517 6405 4325 3796 9507 872 8806 6618 3967 1044 8448 7672 3532 3963 4870 9321 6435 8229 1411 2071 7355 139 9953 7188 9144 4870 3438 8787 895 2101 6964 6235 5483 8112 2528 7115 958 7804 9617 4164 8461 5555 1552 5694
24
3129 5540 7437 1284 5431 3953 7187 8220 9937 8525 371 7116 344 9477 3670 427 4613 7249 4558 5042 5439 4042 7507 6864
9
9406 7831 3160 6560 547 6372 3220 2159 12781
25
2834 49 2128 4045 3008 4056 4877 5943 7743 170 4485 9260 4261 7951 2180 3662 4374 9498 6567 8092 5523 6229 231 2152 6590
38
403 7076 652 6283 911 9232 2287 907 1291 3516 2676 5096 5809 145 7632 2801 1164 6712 2799 8382 9134 4880 5369 6011 2006 7253 1699 5668 9908 9459 699 8386 2820 8925 9295 2021 3848 7726
89
3622 5458 1279 7441 1596 6650 23 1389 2011 5596 500 7577 1296 4725 960 3889 3791 7469 6043 1334 5093 2966 5751 7303 3339 8882 7116 5784 857 7665 6509 9130 1932 7716 9383 4395 9714 172 8114 7897 9279 8312 1045 6313 215 9224 5508 8169 5978 2617 9160 8196 230 1891 1730 9186 1209 3595 6626 6606 3088 5969 2165 505 2336 4218 2342 1413 49 4673 4919 9490 1476 8883 4645 7793 6950 5874 6073 6641 4165 8301 9055 7455 3733 4795 66 3325 1405
35
451 8525 8944 1867 6807 2431 7185 1280 9972 5915 396 5699 3129 4833 6719 7028 2981 2548 2775 5010 3770 2448 8425 3434 3086 5710 5764 2614 5988 832 4961 9451 9689 7667 6836
56
5759 5410 5981 9341 4769 9277 3178 8195 5178 2221 9120 9161 3550 5404 5118 1716 8932 6354 7609 5867 2065 317 6360 1881 4596 3311 8423 3158 1792 2314 4185 4871 5092 1246 5834 162 4661 8779 5457 1399 129 4082 8133 2781 3453 8978 4387 6362 4890 4637 4938 6317 5726 1023 3405 11826
69
3878 3944 682 1370 6511 200 1804 6189 8607 9236 4038 7148 3461 5288 3981 1152 6153 3625 131 2127 7573 783 5702 3543 1163 6136 1658 2099 9425 5301 4613 4841 3916 189 1239 1738 2339 3185 9488 8532 4177 1388 6377 2727 3572 2099 3430 9908 2828 2907 223 3634 4951 7604 6008 2323 9887 5594 5465 1805 4848 5495 1917 1850 5678 3207 5052 7438 15752
21
8414 8241 8722 2241 6463 2423 7182 5721 9095 6160 4238 8426 5660 3787 6649 7201 7606 9230 1756 3840 1555
13
5287 5420 6636 1661 2312 660 3238 595 1251 1438 8549 7693 3972
94
9933 8842 1646 1953 5648 2675 3808 426 4812 9669 808 7581 8857 8652 2122 6204 11 7484 2373 7175 2045 4720 2666 1596 7422 2763 3897 9903 8063 3756 723 5437 4338 10 1191 1960 1239 6496 6577 6167 1643 83 6420 3765 455 6349 5405 1538 6320 4801 9543 9948 3937 990 9873 4471 2456 6053 1679 9353 4453 9739 6399 1923 8826 4297 4383 750 6615 1543 8375 4331 1898 3909 994 4364 7826 8223 9715 7570 5786 2841 1896 437 7566 2511 4963 866 8217 7894 1416 837 1827 1058
43
412 8901 8989 4867 2025 1676 2231 8596 3880 6999 6992 6130 4007 7907 7204 8600 9083 6803 548 2656 574 2132 2147 6241 1956 369 3078 7554 6226 5305 9749 259 6768 1453 1575 6393 468 8594 2395 1971 310 2437 16210
16
572 5495 4353 350 9100 7467 2206 5713 9736 6908 2808 9283 3689 2918 1072 13324
53
4006 5574 5946 8604 6277 1113 7204 2783 9614 452 8043 1939 6360 6295 8255 9659 8538 482 6831 9707 9239 4535 1723 8650 9527 1720 1402 9840 2360 1245 2525 9994 1758 543 8923 6987 470 1411 60 6627 9327 317 128 1798 396 451 4781 9498 4500 2706 4822 8439 9023
57
6128 2233 7635 4140 227 7760 7151 4384 7240 3933 1479 1776 1752 3177 2180 6940 983 7402 9148 294 9187 3168 6674 7923 1298 6164 3483 7306 8529 1600 4145 4416 1693 3616 7741 2649 9675 9643 3540 3550 6602 1655 5766 2755 1749 5282 2620 2442 6325 2061 6745 6796 6541 6686 3148 1719 3688
3
5989 7554 2791
71
9442 9901 9059 6814 9857 842 5752 886 1039 1803 3609 8845 2204 3694 4157 5476 4378 8418 8094 9153 5329 9254 7051 7534 4593 5737 3865 3575 8948 1064 4470 1160 7765 7867 4813 4594 1895 8234 3746 7469 3997 5179 314 5256 772 6222 9154 145 4851 3133 8260 8625 1728 3306 2434 320 2942 9343 248 9899 6730 4470 6234 3147 3223 1309 8061 9541 7739 5577 6133
33
6441 1752 9849 416 8038 174 5543 9875 1381 6635 9929 5358 4534 2637 3345 1043 4201 6384 4332 368 6180 9740 8744 5409 76 1148 3881 9843 7048 2932 4341 3594 4410
10
5895 2968 2920 663 6735 1023 6796 7257 5304 7869
78
7758 1827 8556 9501 5223 175 7898 9774 5677 5204 917 4581 2153 3681 1113 2328 9329 9812 1655 9686 2028 2617 9267 6105 2598 466 3276 4817 4451 485 4652 3615 3440 1963 8133 1525 9090 8678 8512 4111 2644 6783 6670 1235 2253 7382 4738 1380 5609 5155 3532 2830 7552 1622 3676 8015 2159 472 2596 3333 1842 2841 6079 3799 2032 7007 3571 6931 4913 2841 8834 2572 4439 6521 7748 2050 3828 7987
13
3876 7679 2250 667 345 6332 6404 7270 7814 7009 9748 8295 1945
77
2567 6554 5953 3896 349 8645 9725 8175 2777 385 7761 2357 8776 7293 6802 3391 4540 9935 7523 3813 962 5446 9432 6824 7593 7894 9364 9179 4436 163 4257 320 9661 3189 1881 8064 7646 4740 4775 6587 6525 7743 7138 1693 5886 6745 3500 8568 3303 2119 1212 1181 5567 6209 1405 3781 8491 7810 4563 3724 5471 6269 6702 7421 9553 4032 9482 808 5586 3543 1305 4866 4128 3494 608 3508 6859
7
6420 2918 5268 4041 9490 424 11669
88
7648 8551 7159 5934 3865 6191 3469 4496 3673 8091 1227 8687 8108 685 544 266 985 9606 4083 8926 5866 2436 5254 2347 9931 4518 4391 133 7711 7843 2047 6900 8623 3188 2540 8502 6631 9836 7071 730 5383 8145 1592 4301 9871 2226 108 3791 680 4354 6481 1186 4970 4799 9015 1741 5666 8640 2631 3131 9090 6836 2267 9621 5981 9421 2829 6962 4014 5456 4660 8229 5553 2062 8706 9617 8273 1946 3094 7871 744 652 2622 2101 3653 8495 6495 9159
47
632 5917 2109 4748 1424 9061 548 8067 2076 8581 8482 2085 6570 7595 1316 7898 4582 8311 5843 4560 1996 3889 904 3554 7038 3276 4740 2591 4611 8806 3602 2164 929 8599 9072 8520 7664 7546 4099 2801 9205 2159 5665 2765 3510 89 6419
93
7118 5528 744 1091 4123 9440 9726 515 8367 9312 520 9164 3339 4462 85 4565 7001 5070 6438 7565 4035 7989 6528 6863 9931 7969 988 8034 3833 8649 1448 3831 8558 3790 6168 6706 5881 6542 7374 4755 9206 1657 6294 6802 2189 615 3673 7338 5881 6490 9651 5929 563 4163 4679 7894 7214 9000 2780 1741 6091 9101 4638 8582 1247 1788 7445 1753 8443 9367 7179 5153 6632 7722 8094 4042 9667 782 3722 4471 5476 4203 1043 8810 6952 112 7119 5434 4334 7839 4025 564 10144
43
578 6248 4995 9182 4290 7293 6972 1686 5718 916 9214 9366 808 3976 8941 2490 6172 6606 8824 4416 6770 1898 2084 1107 4224 8530 6315 3042 9689 1260 2799 8879 9126 151 6840 458 9097 6676 5203 957 8939 7213 11938
33
2583 5961 2257 9361 6587 8580 1661 8187 8512 2911 1724 9558 4686 6686 9132 6624 101 3404 475 7446 3140 4761 4957 5194 646 9371 9550 1428 535 9291 3720 7850 5081
27
7317 3633 4903 8653 4984 3313 8129 4151 2772 4003 5596 873 2141 3603 839 1830 4885 4945 6437 4238 3618 7420 2382 5171 1755 8534 29
58
9300 472 6411 403 2125 1324 5832 1996 6760 1413 3899 7531 4417 9532 8847 4843 5409 5576 7166 9979 7941 2631 8163 5105 8023 9189 9666 5214 1450 2440 2153 3531 5999 6216 3298 7077 7225 9605 5201 1430 3491 2707 4008 9630 4597 5092 4348 3212 6693 8819 7961 3611 9308 2265 485 7457 476 4978
66
2646 9036 3613 5780 960 5602 2025 8139 4060 2125 8496 1825 957 2489 8576 9091 3473 3745 1727 4721 1905 2921 2521 4656 5958 2283 7665 9234 1393 9262 5729 7782 6275 4490 6195 7608 1080 7700 6137 520 940 2162 4512 7161 4324 1895 602 5833 1444 3567 6539 7406 3296 9828 3064 9281 3373 1916 8599 74 9949 4282 555 8571 8521 3876
29
8855 5270 2759 3896 2107 9780 7304 8373 991 364 3142 2185 7292 5640 613 6683 9520 3399 1144 7953 5882 7645 7939 8772 3680 3517 7592 389 12084
74
2736 9552 4111 9 5628 4193 3059 8426 4361 7730 6921 7001 1245 9899 448 640 5172 8274 8516 2617 6204 5574 4774 9088 7 3080 2571 603 7298 5281 3565 6559 629 6249 5925 66 3576 1476 272 8673 4267 7734 94 4108 800 113 8229 8180 5149 2938 1642 2473 4521 6335 8200 7700 5032 1524 8720 841 2862 637 998 3179 9763 9783 6073 145 7885 8455 1768 1543 5473 10242
91
3787 1683 7276 1578 2853 5273 7751 7503 6240 2745 2840 8699 7506 3087 40 7884 2720 7904 3998 4077 4849 503 7872 9887 4380 599 1220 4677 8188 4337 6478 3585 6689 9072 5370 3334 6418 3971 5754 484 1386 5834 8320 287 9478 7995 783 6533 5223 3848 7460 7296 9927 754 490 5220 459 2943 647 8652 7176 8050 790 6404 95 2662 6074 8065 9780 5235 9002 3331 5644 229 5952 4154 7189 8516 2089 1658 4963 873 8573 2251 179 5588 2108 8929 4410 6659 5151
49
5605 4588 7443 3597 3355 1881 5793 1031 6727 5941 7764 3676 2958 3311 2465 7828 904 1983 6731 3656 8226 6510 1156 2409 4699 4550 8356 4780 6350 697 1055 6602 6739 4145 8223 345 5080 4469 9548 1629 1054 3024 6840 9438 6643 8783 9668 3452 14411
94
8412 8341 1526 721 3681 6413 5304 9383 4667 7904 7791 888 4562 7485 9366 3836 7476 2942 3267 6585 7304 175 3940 4365 4435 9090 3838 5705 890 8123 2427 9644 3130 831 9642 9533 1446 8942 20 2031 7347 600 8110 952 3323 2787 6385 7690 9287 5450 1927 4567 5462 7503 6655 3778 5507 946 6449 1202 9872 8862 1507 9441 5632 7139 4072 6899 2347 1998 4563 8146 8247 4243 2985 232 844 8029 5736 8760 8486 3018 6653 8087 3672 1614 2673 1281 6670 8293 3604 5123 6561 11815
13
7586 9698 2769 6279 9333 2094 8131 5157 912 4063 6119 5560 6673
88
5718 2598 9434 3025 6285 3736 3473 40 3188 6138 4505 3998 7726 1996 4364 8109 3527 6269 1239 455 6884 8585 3806 3743 5725 1841 818 4540 3068 7298 9661 4167 5789 6876 9628 6231 5360 3988 1308 2171 160 1596 9542 2977 8802 6630 497 7012 5078 1878 9793 2347 9374 7621 3753 7972 2891 2168 9734 9509 7208 7838 5644 5420 9824 2674 1968 7586 9051 7620 166 4066 865 8241 8745 5805 188 9876 7703 9200 2376 5024 180 4555 9956 4403 7270 10050
5
1307 4774 4843 6310 6453
5
4514 1961 9932 4300 8203
2
569 2705
3
1347 8126 6909
94
2000 4813 8247 6630 6238 9668 5341 1618 3944 5907 2987 5967 6605 9147 2544 4385 1842 1751 4983 7463 1681 7723 2647 9940 9845 6489 6599 230 4037 5350 6535 1720 3530 7485 5349 450 8665 6923 240 651 6453 5763 81 5390 4309 6033 1454 1772 97 7251 5871 8114 828 548 1456 8300 9368 2556 5716 5660 1915 9007 3444 3447 9866 4936 5080 2688 5517 7239 7924 3807 1002 1682 6774 3173 9280 8059 8736 319 1625 3032 4560 142 8284 7142 5460 2031 2781 1611 1908 5599 3091 656
51
2272 9823 7240 8710 3251 5751 8439 9238 3379 9629 3293 1684 988 4552 1542 3 8940 1318 5560 2069 8611 9049 7776 7597 2235 3979 3485 908 2240 7453 952 2790 5513 1824 6881 3223 3764 5482 4028 9055 4178 708 5337 4462 3074 3513 9237 289 1298 1128 3228
26
5919 8521 1405 6007 8721 9447 1675 2513 9343 9295 8586 9278 7126 591 6206 3002 3372 8412 3437 7456 7403 430 8271 9292 8182 6500
59
1094 421 521 9971 6077 4994 9039 8566 7382 475 3489 9527 3729 2264 3228 9281 343 6298 1335 5688 6548 7139 9233 348 1913 3588 7834 7881 1576 1942 8111 2084 6593 2294 4213 8661 5487 3861 3419 6513 1333 9576 4526 2874 4019 4018 9694 1003 8141 6364 9727 5897 6879 3899 4659 3051 4813 4863 1312
13
9209 7872 3182 8666 1468 9230 6917 7257 8707 6088 4038 6160 9787
61
6036 7413 6197 7432 7437 4874 3744 7175 3052 349 3844 6175 4589 3426 6103 1215 7771 4273 1091 4620 3251 9196 6026 9252 1013 9838 9980 7514 5336 4140 3146 6324 1944 7400 7883 487 4338 1729 6566 401 4565 4303 1899 8313 550 9825 8108 9119 3663 7765 3827 2420 804 2580 5909 5630 1454 5118 4355 3277 2183
37
4982 1606 8239 3818 1117 7441 8866 4285 8927 9859 3952 2869 1252 2114 3253 5422 9672 6318 3183 4233 9891 4848 7046 1163 6464 4621 2431 6713 9103 2900 3790 2594 5453 7720 8367 7074 2824
8
9655 9218 6459 6634 5588 5366 1219 1157
9
7387 4072 8042 621 1146 1922 1459 4525 6610
99
2141 1631 7305 3630 7584 240 451 9769 1411 7940 8235 2377 8626 1447 6486 517 9938 3744 3051 2153 4714 816 460 879 2143 6289 184 8904 6400 7693 7705 1146 163 9 2567 1012 2516 1619 3719 1001 3407 1517 5535 916 2791 6094 8314 983 527 499 718 385 8197 4156 3044 5317 7775 2189 6451 5256 6182 5126 7746 7679 6139 4300 4230 8427 3665 7451 6792 6177 7093 5021 1512 1662 72 126 3782 5142 4753 6034 2840 7270 18 7297 9875 2468 4863 1994 841 2741 1917 7422 8802 1358 1451 1277 6831
12
7135 4778 2250 8000 4551 5497 8585 6908 4747 5762 7262 2084
30
282 6194 9648 9443 7434 1718 7640 5695 6673 6939 9512 6780 4421 9496 5904 292 2976 4067 4182 4302 1726 5366 8556 1921 747 4653 6791 5725 2342 12627
40
762 1035 3886 9212 6126 5561 3933 9284 9243 2381 985 2857 6598 8369 8611 5310 2390 3234 2336 8097 6625 2517 5051 9021 1195 4821 6697 3212 3007 386 5416 4059 5736 803 8478 18 8498 7526 2275 1091
68
3677 2684 2162 6427 8934 8245 9292 4087 9616 3198 275 3315 4530 7059 6263 8291 1062 1380 5 6694 9285 4443 40 9005 265 5577 485 6142 6346 4887 7313 3539 170 9526 312 7643 5869 2060 1996 81 3187 9069 8596 1279 3886 6674 9839 9118 2580 8499 6502 2820 2215 1657 3602 4296 8949 946 3465 8823 9013 4094 9186 7945 2261 9664 8021 6
76
2149 1404 9115 8755 9086 6607 349 1941 7165 2414 9842 5140 6959 120 8832 376 9789 9677 8660 6382 4060 5845 8431 3736 3168 7641 9424 2573 1474 9497 9995 7554 8842 9712 1175 1362 6966 2000 9806 9628 4171 5719 5048 4388 3220 5690 5884 3758 4599 5991 1501 3974 1522 7067 8451 5804 2032 8677 3787 32 9398 8349 2889 7369 6834 2152 3402 2584 7359 489 5014 2406 5762 7200 5165 5622
54
6490 2399 5072 4344 3236 6902 50 5610 6099 3389 7242 1613 2265 4991 3926 445 5523 140 1454 7220 6268 15 4850 9731 1407 7178 3146 4927 9705 703 3536 8366 781 6248 8879 1221 8819 8528 9820 1337 3853 4307 4798 6241 6152 4283 9970 8248 6721 257 3481 2729 4165 3143
25
5937 1258 1566 1423 2237 8618 9632 7528 9890 3381 7891 3705 7272 9515 2273 4116 4635 2382 9206 9171 1455 1512 5818 1269 4710
