100
5
1 2 3 4 5
3
3 5 6
2
5 6
2
5 5
15
50354 874218 889005 215357 416254 724582 952767 489267 290778 844219 140951 406240 812981 227966 288001
15
598072 953767 765637 450294 847031 792678 37861 352834 404884 437985 490364 252201 990630 712643 947824
5
809463 433255 879719 685078 908769
7
639307 537682 626332 191318 875142 194181 343248
3
897256 688596 471356
8
881784 600410 738924 484689 50807 88270 336554 930029
9
452212 757720 9004 419069 701015 672308 655425 152392 982701
11
441187 431277 924578 332843 298041 81601 425261 723252 930933 478226 696001
13
304776 865114 357750 758839 33086 344338 760214 665043 836210 811087 112179 985123 708591
6
596546 380900 543873 428704 42043 178108
6
3748 6324 4318 7285 3901 5510
6
4425 596 5395 9781 8910 757
6
7399 7521 7981 5984 7725 6118
2
686 4915
3
8157 1738 6423
3
9632 2728 4587
9
6545 4357 4905 1412 4229 7354 6083 2704 3925
14
1755 103 207 9487 939 7657 121 4570 6476 4665 6990 1493 3284 13735
5
9944 6853 2547 441 2074
3
2875 5097 6354
3
2051 6183 4132
3
274 650 920
4
8905 7891 3786 13008
5
4002 8834 7757 3994 3051
15
7766 842 2619 1183 4259 5254 3870 7550 8719 147 5975 4427 8023 4259 6288
3
519 6449 6966
9
1553 4753 9799 826 9523 2347 1966 2656 4139
15
783 6979 703 1253 318 2867 1531 403 3861 9832 6853 5475 2896 1504 14360
15
7365 8135 6574 825 3746 3113 9276 2035 2911 3311 1115 2785 7659 7795 12867
6
6043 5719 2399 9988 7685 12690
12
3365 3411 6157 749 5211 9507 5451 8425 8796 6269 3557 5594
13
4378 7011 5496 841 388 119 9815 9469 1105 2098 2060 6935 5331
3
828 6675 6447
9
5304 9575 7514 393 1149 4487 6133 49 12082
10
7579 4071 2627 730 3932 4457 7411 6659 2615 6118
11
1549 1162 6509 4184 1613 7712 822 9382 1464 2375 14512
14
2387 8629 3227 2411 4140 4962 5459 3672 938 7008 7257 688 221 13229
15
9862 2351 3931 3510 4623 8170 6687 9635 8267 290 2022 386 3871 4341 10234
14
6382 945 8422 6197 5025 3923 4561 2292 9018 2360 1243 5279 5156 3915
8
1274 8047 971 1804 5178 6595 4803 104
4
2834 3893 8568 9567
7
2456 6185 1028 7022 6612 6754 3437
3
595 4016 3555
13
5042 8474 6280 4150 5509 5326 3397 3965 9091 3154 694 8731 13849
12
8273 2810 848 1942 594 7242 8385 957 8820 4653 7954 15426
6
1956 808 6309 9572 8867 7150
8
9513 8955 2650 6937 359 4571 7380 6905
5
5248 7387 8683 8020 8592
4
74 644 8656 6979
15
3858 5486 6057 4318 5651 9198 8879 2129 4000 7076 9696 2007 5939 9277 1845
6
1461 572 4147 8206 8232 6044
4
6092 1933 8716 12877
7
2731 8106 6529 5794 8039 5599 4250
9
5535 1961 1497 1951 9470 5938 476 1156 6443
8
4329 7129 9543 9592 8234 5532 3030 9922
11
3881 7707 4813 1302 5871 7356 5373 2568 4422 3472 418
4
8537 1138 9835 9661
15
721 4263 1187 4923 7449 596 5038 80 3288 8226 5444 5575 7530 6352 8350
14
3541 9059 7552 3055 5378 5957 9432 4168 1805 8469 6857 9895 9447 12447
5
3724 4159 7942 2573 3000
7
601 3661 5818 7069 4239 8932 3056
8
8559 5124 4076 2573 1429 2044 9566 6077
9
2597 2999 3898 2934 7228 3900 3523 8840 14741
4
562 6234 1488 8120
4
8245 3688 9541 2840
7
3741 8704 4732 2465 8305 2585 7464
7
1268 8732 4591 5706 4401 6356 10408
4
6512 2621 9855 4243
13
6496 146 4244 887 3149 2822 7779 2852 5166 4712 3208 7201 3826
4
4930 1120 4992 1186
5
1917 3125 5097 2447 9777
7
2492 1860 8855 1505 7416 6682 12140
6
8311 9097 3161 8606 3470 9143
8
5517 5687 7370 8970 4680 2415 5745 12588
14
6487 4077 4776 6789 9289 6771 5860 7692 8021 994 1066 3850 6731 9625
7
223 6438 3330 2406 5464 1253 3675
6
1273 3240 4651 2982 3184 7596
14
2658 8140 7439 7096 1902 5111 6428 2907 8901 2886 7942 8319 1699 1438
5
489 9463 1179 1286 6035
7
3243 2807 8223 1169 6075 2365 249
10
4364 2897 9025 418 7812 7453 6779 2503 5401 15746
2
9651 6129
8
6912 1538 8815 4354 1016 3085 7866 16160
11
1268 6538 8087 3973 4893 2395 7886 1710 5921 2524 8413
14
1353 2749 6383 9926 3031 6530 7783 4079 115 5086 6454 3159 652 13888
10
5866 5894 7519 6833 8313 9715 6862 1148 122 7488
7
7770 5707 1288 6028 3315 9421 2199
8
2433 8289 4686 7638 1609 2453 1297 11445
8
3635 5987 6932 9930 9979 485 2875 2219
8
6869 555 4927 3299 9795 6811 1043 16361
13
9009 4907 8463 1892 2251 4505 5821 6137 5306 6937 173 3668 2717
9
3159 6758 6418 3401 6644 8608 9825 6192 3317
4
1587 2689 7090 5888
12
8827 2903 1516 9732 4366 546 1265 4921 4202 5788 7932 5674
7
4411 1881 833 2381 3511 1503 5126
10
57 5499 2918 3872 3668 3518 7441 858 4944 8181
