100
529 190
873 909
959 499
37 809
754 249
304 334
134 649
891 755
568 747
369 530
501 47
789 798
250 991
304 34
364 498
254 893
687 126
153 997
976 189
158 730
437 461
415 922
461 305
29 28
51 749
557 903
795 698
700 44
40 3
429 404
501 682
648 539
160 152
536 135
340 693
216 128
505 630
50 965
286 430
344 336
178 901
239 972
950 290
368 989
293 796
744 145
830 391
683 341
542 570
827 233
262 43
361 118
24 762
82 310
191 426
997 368
678 235
691 627
525 58
615 169
206 359
313 387
101 347
727 995
917 553
579 530
947 291
648 971
52 81
632 594
858 628
313 887
215 356
513 91
413 480
611 970
190 275
356 642
621 434
988 889
339 567
771 285
857 418
607 261
850 238
206 60
218 519
946 784
874 459
874 638
290 484
608 479
758 315
472 730
101 460
619 439
26 389
75 234
158 682
494 359
