40
3 2 100
3 5 7
4 8 16
1 20 5 2
10 2 10000
8633 8633 1 8633 1 8633 1 8633 8633 8633
5 8621 8877
3566 8478 1966 4235 4890
5 4046 6470
2562 7861 8779 6712 7745
5 1055 5018
2509 7311 5144 9969 777
5 8333 9734
5145 9594 4030 3785 7170
100 11 30
1740 9060 1230 5160 420 6060 7440 9120 9300 2130 5820 9840 7980 5220 330 810 8490 2940 6480 8370 2190 7770 4080 3750 2610 2880 9270 7500 9750 870 3360 7050 6210 5700 1170 2280 8430 960 1410 1560 3180 3570 4410 360 8130 7020 5550 8940 1050 3840 2220 6540 4380 5070 7920 5910 1860 5940 8640 2790 9330 1920 4920 990 4590 2850 3600 630 9660 5430 4170 2160 930 4350 3390 6030 6960 8820 4440 6780 9720 4470 6120 8550 2310 6000 6930 9930 7530 9090 4800 3000 2490 600 5730 4980 300 8070 3150 8760
100 1 10000
8712 2765 1776 1 3301 7021 6699 8276 9719 3337 2457 2145 1021 6021 4232 1658 2875 7817 3097 1445 5385 3043 2609 4341 2118 9612 3639 8727 6547 4850 2344 792 4919 2752 2157 7153 4995 7564 8956 8138 4013 689 6331 5524 616 1300 6012 9234 8366 965 2221 183 7226 3787 622 922 6224 8077 3189 8572 9408 1575 4004 4132 7810 4347 8085 4997 4806 4410 8059 5796 789 4385 4616 369 768 1630 6561 3338 9702 9185 6448 1302 1434 727 4511 7048 7405 2026 5841 8503 2959 3366 9898 607 5162 8731 1328 2047
5 5966 8840
8765 2097 8437 4247 8579
3 2 50
3 5 75
5 5914 8993
571 5840 1119 3284 3056
6 2 10000
9931 9949 9941 9967 9929 9973
5 108 1228
1073 4388 4712 3941 9852
5 3814 7715
7728 8082 6022 7085 6768
4 2 10000
17 3 49 4
5 5389 8010
6659 3555 1565 4057 3984
5 723 6941
3246 2860 8656 731 4915
10 61 119
4320 7200 40 5040 30 4 1440 60 3600 12
10 61 119
4320 30 4680 2 1800 2520 20 7560 15 10
2 5001 10000
5000 2500
5 6966 7433
1872 4616 6199 1147 480
51 1186 2370
237 237 7110 7110 237 7110 7110 237 7110 7110 7110 237 7110 237 237 7110 237 237 237 237 237 237 7110 7110 237 237 7110 237 237 7110 237 237 7110 237 7110 7110 237 7110 237 7110 7110 237 237 7110 7110 7110 7110 237 7110 7110 7110
5 2576 5342
9984 3773 9564 9566 7101
13 1 10000
7882 9978 6387 1194 4985 867 63 2051 1637 9977 7457 8731 1142
5 6013 7048
9701 7997 38 3235 2075
5 2965 4245
5702 7105 4854 8118 708
5 3719 5433
5891 8756 3000 5452 9367
10 2 10000
7 10 2 6 15 2310 1 5 3 11
100 2 10000
3026 4984 4361 4450 3204 6230 3738 7654 178 8010 1602 3560 267 1157 5162 2937 3827 6675 3293 7298 2314 4895 6497 8722 5251 4628 3382 4806 979 8099 356 6586 2848 8544 6319 712 2136 4094 5340 2759 1958 1780 1691 1513 6408 7832 1246 8277 8811 8633 7743 6764 7120 7209 8989 5607 5518 3115 2581 1424 5785 623 7921 1869 1335 4539 4717 5073 8366 7476 2047 7031 445 534 4183 8455 3916 2403 8188 4272 6141 3471 5429 7387 2492 7565 1068 5874 4005 2670 6942 801 3649 6052 5696 890 2225 5963 8900 6853
50 2 10000
48 21 120 180 10 9 35 30 5040 1008 36 6 8 60 24 252 45 18 105 3 15 720 56 2520 72 12 140 2 210 504 28 840 1680 240 336 70 126 315 630 63 84 42 560 20 420 360 7 1260 144 80
5 8054 9406
1100 6074 9061 6589 1531
5 5921 8347
1606 3475 3955 8315 955
10 8326 9991
5 555 37 3 185 111 45 333 9 15
5 62 9407
193 9971 9657 9535 3439
51 3038 6073
3037 3037 3037 3037 6074 3037 3037 3037 6074 6074 3037 3037 3037 6074 3037 3037 6074 6074 6074 6074 6074 6074 6074 3037 6074 6074 6074 6074 3037 6074 3037 3037 3037 6074 6074 3037 3037 3037 3037 6074 6074 3037 6074 6074 6074 3037 6074 6074 3037 6074 3037
5 4230 8180
4441 6480 8685 6292 6206
10 2 10000
11 5 1 2 15 10 3 30 6 7
7 5 10000
9678 9978 9714 9822 9942 9726 9762
5 940 2917
5474 9056 2809 6963 6972
