20
2 5
0.600000 0.600000
1 20
1.000000
3 4
1.000000 0.900000 0.100000
2 60
0.425083 0.532668
2 3
0.999998 0.999999
3 4
1.000000 0.999999 0.532843
3 42
0.000005 0.000009 0.000008
3 10
0.879848 0.000831 0.829648
3 17
0.216214 0.578999 0.844491
3 100
0.138479 0.625817 0.874846
3 10
0.194783 0.899825 0.028580
1 4
1.000000
3 42
0.999999 1.000000 0.999998
2 5
0.860568 0.259428
3 5
0.029151 0.626145 0.356421
2 7
0.156972 0.986300
3 10
0.855440 0.883735 0.146659
2 7
0.928020 0.068112
2 4
0.000008 0.000002
1 3
0.000006
