100
2
0 1
0 2
3
2 2
0 0
4 4
1
1 1
5
0 5
0 1
1 1
4 7
5 6
1
22 1068
5
9 9
2 5
4 6
0 1
2 6
10
13 13
1 4
2 15
8 15
4 11
9 10
15 18
4 9
2 17
0 6
2
0 0
3 3
10
3 8
16 17
0 17
4 7
11 12
1 3
7 14
11 17
0 9
10 11
5
5 5
0 5
0 7
0 3
6 7
5
4 6
0 7
5 6
0 3
0 8
8
0 14
9 10
4 10
0 9
1 4
0 13
10 13
0 1
6
9 11
0 2
7 8
3 5
1 7
5 5
7
2 3
0 3
5 9
10 10
1 3
12 12
4 8
10
291 919
379 1357
856 1692
790 1547
94 1249
54 95
229 1627
352 367
275 322
246 656
6
5 11
2 3
7 9
8 10
1 6
0 4
3
0 2
1 2
2 3
5
6 9
2 4
0 3
5 7
1 8
9
0 2
0 9
0 7
0 1
0 4
0 8
0 17
0 9
0 2
3
3 5
2 4
0 2
8
568 726
433 625
1030 1346
612 1487
320 547
122 184
702 741
798 1772
8
42 577
1087 1334
393 466
633 867
1184 1683
773 1264
423 1703
769 770
5
5 8
0 7
3 4
4 8
1 1
10
1 16
12 14
0 3
2 6
7 13
5 15
18 19
9 10
4 17
8 11
6
3 8
0 3
1 3
3 11
8 9
1 3
8
0 12
7 7
4 12
2 11
1 10
12 13
1 6
5 6
4
5 6
0 1
2 4
3 7
2
1 2
0 1
6
5 9
3 4
1 8
2 6
0 10
7 11
10
2001 2001
2001 2001
2001 2001
2001 2001
2001 2001
2001 2001
2001 2001
2001 2001
2001 2001
2001 2001
4
1 6
0 7
0 1
0 6
3
4 5
0 3
2 2
7
10 11
1 3
3 8
8 8
2 6
3 12
0 11
4
4 5
2 6
0 1
3 7
8
2 2
10 16
0 2
10 13
9 10
1 4
4 4
2 14
10
7 12
9 18
5 10
4 6
3 13
14 17
8 11
16 19
2 15
0 1
8
11 12
2 2
5 6
14 15
0 13
0 2
7 10
7 9
3
0 2
2 2
1 4
1
0 1
3
1 3
3 3
0 3
1
0 2
9
8 11
5 8
0 11
5 16
1 4
1 3
10 16
9 11
14 14
1
0 1
4
4 6
2 6
1 4
0 2
9
141 1295
1067 1713
385 401
39 1688
42 76
664 1254
1617 1770
299 1396
420 487
10
9 14
0 1
15 17
1 19
9 10
4 4
15 15
7 8
7 14
2 4
5
2 9
1 5
0 8
4 7
3 6
6
8 10
6 11
2 3
7 8
0 0
3 5
1
0 0
7
2 6
3 5
1 7
0 4
11 13
8 9
10 12
9
0 4
0 1
0 9
0 2
0 9
0 9
0 17
0 3
0 8
3
956 1327
33 414
33 931
7
5 6
0 1
2 7
0 1
11 13
7 7
7 8
10
1526 1605
642 1426
102 520
366 1214
271 656
3 21
272 1620
227 2000
94 1728
592 1722
2
0 3
0 1
3
11 370
589 932
1239 1612
4
0 1
0 7
3 4
3 5
10
0 19
0 3
0 3
0 5
0 3
0 5
0 2
0 1
0 10
0 3
10
0 7
10 11
10 19
0 2
14 18
13 13
3 14
3 6
8 13
3 11
8
0 6
0 5
0 8
0 4
0 1
0 15
0 4
0 3
4
0 7
0 3
0 1
0 4
4
2 3
6 7
0 1
2 3
2
96 434
378 532
3
3 3
0 0
3 4
2
0 2
1 3
3
0 3
4 4
0 2
8
3 7
0 5
2 9
5 9
3 12
13 14
1 7
7 9
3
34 259
725 862
668 911
8
0 7
5 13
14 14
0 0
2 8
8 11
4 11
5 11
5
336 374
200 1763
764 1076
736 973
1080 1351
10
13 15
1 8
0 6
6 15
3 7
12 16
2 13
17 18
3 7
7 11
10
0 10
16 18
1 8
1 14
7 12
2 4
13 14
2 3
7 17
10 18
1
0 1
6
1 3
5 8
1 1
1 9
9 10
1 3
8
26 481
421 1362
166 371
2 1647
78 231
1147 1291
31 1161
56 74
9
0 2
0 17
12 16
2 3
12 15
6 14
0 9
6 9
8 9
4
5 6
0 2
2 3
3 5
9
0 9
0 17
0 8
0 2
0 6
0 5
0 6
0 1
0 3
5
2 3
6 7
0 8
1 6
3 7
8
0 0
0 0
0 0
0 0
0 0
0 0
0 0
0 0
7
9 12
7 8
0 4
0 7
4 6
0 9
4 12
5
2 5
0 4
8 8
2 7
0 6
6
9 9
0 2
6 9
5 6
3 4
0 0
4
0 1
0 7
0 3
0 4
4
1 7
3 3
0 0
1 7
5
0 1
0 4
0 5
0 9
0 5
9
0 1
0 3
0 7
0 9
0 5
0 8
0 17
0 4
0 6
2
1 3
0 2
9
1 7
2 5
3 10
1 7
10 12
6 15
7 14
10 12
0 15
8
7 11
9 11
8 13
2 14
0 4
3 6
8 8
0 3
4
5 7
1 3
1 4
0 3
2
0 1
2 3
9
7 16
1 9
5 11
0 4
10 12
3 6
2 13
15 17
8 14
2
2 3
0 0
2
0 1
0 3
7
11 11
0 1
1 8
7 9
9 11
3 3
5 5
6
2 10
0 9
2 8
4 8
0 2
3 11
10
2 14
8 11
17 18
2 5
10 13
5 12
3 6
14 19
7 15
0 3
8
0 12
4 9
0 14
4 9
2 7
3 6
12 14
4 6
1
0 1
