100
2
0 1
0 2
3
2 2
0 0
4 4
1
1 1
5
0 5
0 1
1 1
4 7
5 6
5
707 769
721 1700
13 56
93 155
1563 1725
3
1 1
0 1
4 5
8
0 4
0 2
0 2
0 1
0 15
0 8
0 5
0 2
6
6 6
6 10
4 4
0 0
6 9
2 4
4
0 2
0 7
0 4
0 1
1
0 1
10
2 16
10 10
10 16
0 19
1 2
10 16
8 12
1 1
6 18
1 8
9
8 16
7 8
15 16
8 10
7 10
1 1
1 15
0 1
5 5
8
0 8
4 8
2 2
0 2
7 14
12 14
6 11
7 13
2
1 3
0 3
5
0 9
0 4
0 5
0 4
0 1
8
10 15
13 14
7 10
3 10
1 3
2 6
7 8
0 3
2
0 1
3 3
7
392 1587
31 1224
848 1356
80 93
57 88
396 1747
286 1121
4
1 2
6 7
0 4
3 5
10
5 13
2 6
3 17
1 3
6 15
8 15
10 10
4 6
0 14
15 15
6
0 9
1 1
5 5
5 10
1 4
8 11
4
0 5
1 2
6 7
2 5
2
1 3
0 1
10
14 14
10 11
2 7
7 11
0 2
2 11
4 17
1 17
9 14
6 10
10
6 13
7 19
1 2
10 16
9 11
14 18
3 15
5 12
0 4
8 17
5
4 7
0 3
0 6
3 7
5 7
8
0 4
0 15
0 8
0 5
0 8
0 6
0 1
0 4
1
0 1
8
9 12
0 2
6 12
4 11
0 7
0 5
7 9
13 15
9
702 762
293 1942
1253 1303
830 1135
39 287
55 1114
386 1881
702 1586
191 632
8
9 11
5 7
4 4
11 14
13 14
2 10
0 1
2 3
2
2 3
1 1
4
2 5
1 2
0 2
5 5
2
1 1
0 1
5
0 6
1 6
1 4
2 2
6 7
10
3 17
11 12
7 10
1 9
2 8
13 18
5 6
16 19
14 15
0 4
4
0 7
0 1
0 3
0 4
3
3 4
0 0
2 2
2
0 3
0 3
6
10 10
0 8
2 6
0 0
4 5
0 4
2
2 2
0 1
2
1372 1389
1340 1951
7
9 11
2 5
0 4
1 6
3 8
12 13
7 10
4
0 1
4 5
3 3
4 4
10
0 19
18 18
1 7
3 12
8 12
13 14
8 13
0 2
4 10
0 8
5
0 1
2 8
6 7
3 5
4 9
6
2 4
1 11
0 4
2 9
8 10
4 6
3
0 2
0 5
0 1
3
0 2
0 1
0 5
8
6 9
12 13
9 14
6 11
6 11
1 2
2 2
0 2
2
1 3
0 2
9
8 13
10 12
0 4
5 11
14 15
3 16
7 9
2 6
1 17
10
2001 2001
2001 2001
2001 2001
2001 2001
2001 2001
2001 2001
2001 2001
2001 2001
2001 2001
2001 2001
10
6 9
13 14
0 17
10 15
2 2
6 6
2 19
15 17
4 5
6 10
1
0 1
9
0 6
0 4
0 1
0 2
0 2
0 9
0 5
0 17
0 6
7
0 13
0 4
0 4
0 5
0 1
0 4
0 7
8
11 13
0 6
0 1
11 11
5 6
3 9
3 5
10 15
6
0 4
8 9
0 4
0 2
11 11
4 4
5
0 2
0 3
0 4
0 1
0 9
3
2 4
2 3
0 5
4
1020 1899
1236 1957
382 745
165 1274
9
1 10
10 16
6 8
1 12
14 15
0 7
12 16
0 3
1 8
7
0 13
0 1
0 7
0 6
0 6
0 5
0 7
8
1 2
0 11
2 10
0 11
9 11
7 9
13 13
2 5
1
0 2
5
5 7
0 2
0 2
7 8
2 2
9
10 14
1 1
1 7
9 12
10 14
12 16
1 6
1 3
0 14
2
1 2
0 3
2
2 2
0 2
1
0 0
6
844 1676
1152 1873
239 870
192 203
582 1562
98 1690
10
5 15
0 19
12 15
3 15
1 1
6 11
8 15
8 12
1 6
8 11
6
4 6
2 7
9 9
0 0
3 10
4 8
10
0 1
12 14
7 7
5 16
0 4
1 9
12 17
17 19
1 5
10 13
7
0 1
2 13
4 9
5 6
7 8
10 12
3 11
7
0 5
0 5
0 13
0 4
0 1
0 7
0 3
10
3 9
13 20
15 15
9 17
2 5
3 8
0 7
8 11
0 8
5 9
6
3 8
0 1
5 10
1 3
5 9
7 7
7
0 6
0 1
0 2
0 5
0 3
0 13
0 6
7
2 4
1 8
3 9
7 11
12 13
0 10
5 6
3
1 1
3 3
0 3
3
0 3
1 2
2 3
7
0 0
4 7
2 4
2 7
5 7
10 11
9 10
7
3 9
5 12
1 3
7 8
5 7
10 12
0 2
6
7 8
6 6
7 9
1 2
0 7
2 3
9
952 1715
308 360
302 483
1079 1463
590 1741
149 741
477 1064
864 1401
22 1800
8
0 0
7 15
0 11
4 5
7 12
3 7
7 15
6 13
2
52 101
104 547
5
5 6
2 9
1 4
1 4
0 6
4
2 4
0 1
6 6
2 2
5
0 2
0 9
0 5
0 2
0 1
6
0 1
9 9
6 9
3 9
1 5
1 3
9
6 14
2 15
3 6
1 10
0 8
3 9
3 14
6 10
12 12
5
768 1867
209 292
3 330
489 1441
309 371
8
0 2
0 3
0 5
0 2
0 1
0 15
0 2
0 7
2
1 1
0 1
6
8 9
4 7
10 10
0 5
0 0
0 4
1
0 1
9
2 9
0 12
0 12
5 7
10 15
2 6
8 10
4 16
10 12
