100
2
0 1
0 2
3
2 2
0 0
4 4
1
1 1
5
0 5
0 1
1 1
4 7
5 6
5
7 9
5 6
1 2
4 8
0 3
9
1065 1448
0 7
915 1341
322 366
812 1646
10 516
271 1909
1145 1550
495 648
3
4 5
2 3
0 1
9
16 17
3 8
0 10
1 15
7 11
0 4
10 11
2 9
6 10
1
0 1
3
0 0
3 4
0 5
8
0 7
2 13
10 14
1 12
0 6
7 9
3 4
12 15
5
0 2
7 9
3 8
4 5
1 3
3
1 5
0 1
3 5
10
18 18
8 9
0 1
13 16
10 13
4 13
5 9
0 6
3 14
7 10
6
10 11
0 6
3 7
2 6
0 2
4 10
10
7 11
10 12
4 10
0 2
3 12
16 19
11 15
6 10
0 8
3 3
2
0 3
0 3
5
0 2
1 2
3 5
7 7
6 7
3
0 3
4 4
0 0
5
3 9
2 6
4 4
0 0
4 9
5
2 4
3 7
1 6
0 5
8 9
1
0 2
3
3 3
0 0
4 4
10
237 1162
31 247
1732 1874
1293 1351
31 86
935 1995
228 1349
271 1754
550 1209
1101 1607
6
3 8
8 8
0 1
4 9
2 6
3 6
2
0 2
2 2
6
10 11
0 2
7 8
1 2
2 3
3 4
1
0 1
10
12 13
1 7
2 4
11 13
13 14
2 6
2 16
18 18
7 8
0 6
5
2 9
2 5
7 7
0 1
2 5
2
0 2
2 2
10
1 11
9 11
17 17
5 6
0 11
3 17
6 18
1 4
10 14
5 15
10
8 8
0 12
1 3
6 11
0 6
0 7
12 15
18 18
4 6
14 15
6
9 10
0 6
3 9
7 10
1 3
1 4
10
2001 2001
2001 2001
2001 2001
2001 2001
2001 2001
2001 2001
2001 2001
2001 2001
2001 2001
2001 2001
5
0 2
0 3
0 9
0 2
0 1
4
72 91
87 404
275 1389
39 686
10
15 17
3 10
2 13
9 16
13 17
8 12
6 11
0 3
0 6
3 14
6
843 1319
537 989
725 1706
1 538
902 1709
1112 1813
4
195 637
618 845
342 709
646 901
7
8 9
4 8
0 5
2 7
11 12
2 4
2 10
3
1 5
0 5
2 3
3
1 4
0 1
0 4
7
0 9
5 8
2 7
1 4
10 13
1 2
8 10
4
1 1
0 3
3 5
6 7
8
541 1853
176 223
1663 1985
867 1163
38 90
820 1664
208 489
45 98
9
0 3
5 8
4 6
1 7
8 16
11 14
11 13
15 16
1 12
9
9 14
1 8
16 17
3 15
7 11
10 12
2 5
4 6
0 13
7
5 5
3 5
0 2
10 10
6 8
6 10
0 2
1
140 1702
3
0 1
0 3
0 5
5
4 4
8 8
0 4
1 4
1 4
4
0 6
0 6
1 5
0 2
6
2 8
0 5
10 11
4 7
3 9
1 6
7
0 13
0 3
0 6
0 2
0 1
0 4
0 5
3
2 5
0 0
3 5
6
0 6
2 3
7 9
5 6
4 9
0 11
6
649 1665
246 932
1701 1997
2 86
595 953
662 736
5
3 7
2 3
0 6
0 7
3 7
6
1198 1846
366 476
621 1325
521 669
149 417
57 1983
9
12 15
1 6
10 10
1 9
12 15
3 11
1 3
0 8
6 13
9
0 7
0 17
0 1
0 9
0 4
0 3
0 2
0 8
0 8
8
3 9
5 8
1 13
10 16
4 10
5 12
0 14
0 3
2
2 3
0 1
3
0 5
0 1
0 5
5
4 8
0 2
0 2
3 5
3 8
8
10 14
0 8
4 7
2 12
1 4
13 14
1 8
7 11
6
2 4
2 10
0 2
0 7
0 5
7 10
5
715 739
1371 1510
165 421
978 1214
368 1141
3
832 967
489 1345
8 23
8
3 14
10 12
1 3
4 8
8 10
0 4
11 11
2 4
5
800 1543
237 1412
902 1089
411 646
377 387
3
2 4
1 5
0 2
4
3 5
1 3
0 2
6 7
2
2 2
0 2
2
2 2
0 2
6
3 5
1 10
4 6
7 10
1 2
6 7
5
212 243
494 784
52 104
260 399
161 291
2
0 1
0 3
8
10 13
1 6
3 12
7 8
0 11
9 14
4 15
2 5
8
7 11
1 8
3 11
2 13
3 6
0 5
7 13
6 14
9
2 15
2 3
14 16
10 12
2 5
0 16
8 9
4 6
8 13
3
1 5
1 1
0 5
10
0 0
0 0
0 0
0 0
0 0
0 0
0 0
0 0
0 0
0 0
3
3 3
0 1
1 5
5
0 9
0 3
0 1
0 3
0 3
10
4 14
5 6
0 7
10 11
2 13
12 17
18 19
3 8
1 9
15 16
8
8 14
0 1
9 11
1 7
2 15
1 12
2 4
8 11
10
7 8
9 15
2 16
14 14
1 15
0 4
2 5
2 12
9 11
17 19
7
1 8
2 9
10 11
0 5
6 7
3 4
12 13
3
0 2
4 5
1 3
9
0 8
4 4
10 17
8 17
6 9
1 13
9 9
0 12
0 1
4
1 4
3 4
0 1
3 4
3
142 851
83 578
149 1197
8
0 6
0 1
0 8
0 2
0 15
0 5
0 8
0 8
4
0 2
0 7
0 1
0 4
10
0 2
0 4
0 5
0 1
0 5
0 7
0 19
0 3
0 4
0 2
7
0 7
0 6
0 2
0 1
0 13
0 7
0 4
8
10 15
1 6
1 4
9 9
3 9
0 12
4 15
1 6
2
0 2
2 2
